8.2790318551434396e-03 -1.0446347645669700e-01
-8.0793949517823770e-03 -9.9426015693294997e-02
-1.7956603899762280e-02 -9.3600055242577196e-02
-2.6864802741386896e-02 -8.6815381078763451e-02
-3.2651527498761497e-02 -8.1230813168384375e-02
-3.7530741314210893e-02 -7.5824423872040289e-02
-4.1905191938797541e-02 -7.0537579959782368e-02
-4.5836870942303320e-02 -6.5306002450065764e-02
-4.9394332154588813e-02 -6.0098568635747800e-02
-5.2608417840055967e-02 -5.4893811217919489e-02
-5.5496588790158938e-02 -4.9678577334363566e-02
-5.8092280178031849e-02 -4.4447756908026714e-02
-6.0418509906786697e-02 -3.9198187862076350e-02
-6.2458119976513647e-02 -3.3926453089109070e-02
-6.4233944532253881e-02 -2.8635352607859502e-02
-6.5785063539991251e-02 -2.3328845037204060e-02
-6.7103631023475177e-02 -1.8009938880307101e-02
-6.8194179951261757e-02 -1.2683773327065991e-02
-6.9080281416989214e-02 -7.3558600300563260e-03
-6.9776232149259071e-02 -2.0313650164017183e-03
-7.0291610612946892e-02 3.2849538866954690e-03
-7.0634823555252052e-02 8.5890453066079300e-03
-7.0811759511429581e-02 1.3877821957919411e-02
-7.0827944021658762e-02 1.9149456203430767e-02
-7.0689292132392584e-02 2.4403659463658006e-02
-7.0400410876538783e-02 2.9641481819208768e-02
-6.9964714397962063e-02 3.4865123454905292e-02
-6.9385822296308880e-02 4.0077815803863409e-02
-6.8666198213957128e-02 4.5283227640722942e-02
-6.7807248829913097e-02 5.0484980966078147e-02
-6.6809084161252558e-02 5.5686076797016829e-02
-6.5671933576591027e-02 6.0888716147028239e-02
-6.4397860449608033e-02 6.6094389681858906e-02
-6.2989204364955032e-02 7.1303412904387409e-02
-6.1447948397813520e-02 7.6514750577846777e-02
-5.9776198046049132e-02 8.1726231653256209e-02
-5.7976386371853011e-02 8.6934932869341577e-02
-5.6050983157310739e-02 9.2137486803944985e-02
-5.4002505104376958e-02 9.7330622823417839e-02
-5.1833040726565444e-02 1.0251148582538913e-01
-4.9544790379491152e-02 1.0767833917482621e-01
-4.7139657011651806e-02 1.1283083474441546e-01
-4.4618903879288518e-02 1.1797028631677778e-01
-4.1982823888448866e-02 1.2309983871890351e-01
-3.9230816237519103e-02 1.2822478621369482e-01
-3.6361187293964245e-02 1.3335291500841934e-01
-3.3370664941874371e-02 1.3849479835284159e-01
-3.0252194143689473e-02 1.4366383669976807e-01
-2.6993601905208560e-02 1.4887692130642061e-01
-2.3572373150689628e-02 1.5415471589273422e-01
-1.9946022953038014e-02 1.5952153000297931e-01
-1.6028421682770307e-02 1.6500396519943714e-01
-1.1581734058424911e-02 1.7060273904412948e-01
-5.1320533762736625e-03 1.7727386901334233e-01
1.7901345563764697e-03 1.8301451327666965e-01
1.2828846086955337e-02 1.8816871702594989e-01
1.5657071786427335e-02 -9.8922903523930808e-02
4.4264749258409418e-04 -9.6523995520551437e-02
-9.4221891305695648e-03 -9.1262767370706918e-02
-1.7133433645000862e-02 -8.5341931436832663e-02
-2.3808374304553938e-02 -7.9806520925569738e-02
-2.9227017777958293e-02 -7.4505549375088659e-02
-3.4025928780238517e-02 -6.9361731115924738e-02
-3.8272664168086286e-02 -6.4280267124586732e-02
-4.2069748527958702e-02 -5.9222005952116769e-02
-4.5461459132934749e-02 -5.4160509832836871e-02
-4.8470651680711949e-02 -4.9080661155190608e-02
-5.1151368481179925e-02 -4.3978821811197666e-02
-5.3542700513548834e-02 -3.8852962209450434e-02
-5.5607496767361292e-02 -3.3697914557333106e-02
-5.7378615603651040e-02 -2.8518554875539642e-02
-5.8920966236367459e-02 -2.3320622378548119e-02
-6.0214128353457276e-02 -1.8107170859048689e-02
-6.1258779087373129e-02 -1.2884289478331654e-02
-6.2090224617437358e-02 -7.6585302018843228e-03
-6.2727245211337601e-02 -2.4356733825557455e-03
-6.3180959598485825e-02 2.7789747279319205e-03
-6.3461325623124024e-02 7.9809271819712944e-03
-6.3574344055624191e-02 1.3166682277598790e-02
-6.3525877449426379e-02 1.8334101242695262e-02
-6.3322951266737593e-02 2.3482815786217651e-02
-6.2970710219627343e-02 2.8613904249201121e-02
-6.2472519987892369e-02 3.3729658892944651e-02
-6.1832653868555562e-02 3.8833625297883020e-02
-6.1053663302283137e-02 4.3929782881691040e-02
-6.0136597855173751e-02 4.9022026951799830e-02
-5.9080339040658868e-02 5.4113394019998956e-02
-5.7884016501816564e-02 5.9206039344925923e-02
-5.6550054122364170e-02 6.4301577846223035e-02
-5.5081170140099799e-02 6.9400379952107447e-02
-5.3479250779683921e-02 7.4501218646511644e-02
-5.1746262430789516e-02 7.9601632117602836e-02
-4.9884646839735099e-02 8.4698354230849773e-02
-4.7896821742608425e-02 8.9787670299103048e-02
-4.5785236987360915e-02 9.4865978755074590e-02
-4.3551558015398666e-02 9.9930125862198391e-02
-4.1197663777782861e-02 1.0497823000024188e-01
-3.8725006639328520e-02 1.1001003223876432e-01
-3.6133861180121414e-02 1.1502695034937367e-01
-3.3422959121678968e-02 1.2003240749618180e-01
-3.0589456786222664e-02 1.2503199852403926e-01
-2.7629181801356466e-02 1.3003429075096165e-01
-2.4535804344422183e-02 1.3505096725845270e-01
-2.1298456506633607e-02 1.4009727841903100e-01
-1.7900462227091636e-02 1.4519303974994036e-01
-1.4313783989663903e-02 1.5036390429064644e-01
-1.0485782174130402e-02 1.5564132229277472e-01
-6.3053456933475065e-03 1.6106101775689738e-01
-1.4122496749599377e-03 1.6660807108998410e-01
4.1550213670433489e-03 1.7245463039210021e-01
1.1147183117140377e-02 1.7773885563922584e-01
2.1042297392992834e-02 1.8122689010494453e-01
2.2625142189411203e-02 -9.3908013113893990e-02
8.4344140755254465e-03 -9.2500292106686408e-02
-1.3045904592588423e-03 -8.8068769158649071e-02
-9.1736235228086788e-03 -8.2945631779682158e-02
-1.6139118025551541e-02 -7.7869606304815903e-02
-2.1946506157161330e-02 -7.2829828139813563e-02
-2.7099211800837575e-02 -6.7904720134713825e-02
-3.1603673512329906e-02 -6.3009839209698743e-02
-3.5599306658900487e-02 -5.8122877422352122e-02
-3.9138361216942384e-02 -5.3219724177627964e-02
-4.2240265535215794e-02 -4.8284072665316237e-02
-4.4982521158682925e-02 -4.3318606175574516e-02
-4.7429575524122643e-02 -3.8324435372452559e-02
-4.9506548298554137e-02 -3.3291149070606811e-02
-5.1257656625401056e-02 -2.8227017840606994e-02
-5.2788572813785690e-02 -2.3143078334658434e-02
-5.4054139723432440e-02 -1.8039880997918156e-02
-5.5048354165756312e-02 -1.2924472678151463e-02
-5.5824105757419779e-02 -7.8052811693044531e-03
-5.6403448074161346e-02 -2.6886695968599277e-03
-5.6798028767865723e-02 2.4195729089737917e-03
-5.7019588875619545e-02 7.5147163021767171e-03
-5.7073703346706452e-02 1.2592863048273875e-02
-5.6966266204862441e-02 1.7651648883734869e-02
-5.6705762825659589e-02 2.2690621105456089e-02
-5.6297774301504531e-02 2.7710895290523996e-02
-5.5745251231006807e-02 3.2714787181338731e-02
-5.5053428292778407e-02 3.7706131357068524e-02
-5.4224942073812461e-02 4.2689212930866423e-02
-5.3260586149256481e-02 4.7668132896254226e-02
-5.2157768670552371e-02 5.2645895351886206e-02
-5.0914171905501800e-02 5.7624395471821001e-02
-4.9533030040589052e-02 6.2605452818235874e-02
-4.8017611514930926e-02 6.7589479843757683e-02
-4.6369560543074728e-02 7.2575015254229117e-02
-4.4590661788047471e-02 7.7559257720339447e-02
-4.2683450282441679e-02 8.2538623154163146e-02
-4.0650300134470470e-02 8.7509049576588643e-02
-3.8493748909238443e-02 9.2466678198688007e-02
-3.6214941649505519e-02 9.7407973237520776e-02
-3.3815600991265272e-02 1.0233096849674295e-01
-3.1296962314859039e-02 1.0723539021975549e-01
-2.8658541391539456e-02 1.1212272233402008e-01
-2.5897886177321854e-02 1.1699618546903541e-01
-2.3010305302359590e-02 1.2186127398218634e-01
-1.9990015395004678e-02 1.2672625086063100e-01
-1.6828850960651828e-02 1.3160290537578306e-01
-1.3513874571304511e-02 1.3650574363515749e-01
-1.0026907503619091e-02 1.4145414445803042e-01
-6.3403869838755027e-03 1.4647170201048818e-01
-2.4041722444589951e-03 1.5158330749649204e-01
1.8743157105308057e-03 1.5680515686749616e-01
6.7649170500794741e-03 1.6205466463103896e-01
1.2187465465787826e-02 1.6740551932117195e-01
1.8844652601026603e-02 1.7226077592481223e-01
2.8036155915908030e-02 1.7525118782903798e-01
2.9232129520901949e-02 -8.8296761182017541e-02
1.5177763916319125e-02 -8.8169421868633774e-02
5.6325948021311708e-03 -8.4462550489249624e-02
-2.3093686383483560e-03 -8.0017653073006109e-02
-9.4398287544132306e-03 -7.5474130710213000e-02
-1.5521558129750347e-02 -7.0811249965044912e-02
-2.0942602817786728e-02 -6.6178632277738139e-02
-2.5646965748532591e-02 -6.1510545106835852e-02
-2.9797866245433083e-02 -5.6819850271771263e-02
-3.3451876828147764e-02 -5.2090810511608306e-02
-3.6623899051010059e-02 -4.7310439420775716e-02
-3.9410968058866076e-02 -4.2489395299347935e-02
-4.1898877827409524e-02 -3.7635637317716325e-02
-4.3980266183538688e-02 -3.2729937046055972e-02
-4.5708731553451294e-02 -2.7786119083918381e-02
-4.7225249963953775e-02 -2.2821972041009903e-02
-4.8463154648697271e-02 -1.7834575898748987e-02
-4.9410549277441693e-02 -1.2831360722211544e-02
-5.0135574251680984e-02 -7.8233878109046535e-03
-5.0663110471307102e-02 -2.8177222431167576e-03
-5.1005236080942588e-02 2.1797071252437870e-03
-5.1175227737543155e-02 7.1637827448793323e-03
-5.1178249762020886e-02 1.2130531678892624e-02
-5.1020208418164327e-02 1.7077265009101211e-02
-5.0710834099863433e-02 2.2003522793205246e-02
-5.0256076796703394e-02 2.6910382365744216e-02
-4.9658518282673092e-02 3.1800128419054240e-02
-4.8924219565826800e-02 3.6676831867283939e-02
-4.8055902435322762e-02 4.1544914882613811e-02
-4.7054124398262905e-02 4.6408691353595245e-02
-4.5915040351535423e-02 5.1270975630705075e-02
-4.4635076818276435e-02 5.6133436862141721e-02
-4.3218201378235552e-02 6.0997961188697290e-02
-4.1668165990805868e-02 6.5865005956461511e-02
-3.9986433835889165e-02 7.0732840515005557e-02
-3.8174665130101579e-02 7.5598315703915231e-02
-3.6235499318581485e-02 8.0457570939264131e-02
-3.4171316469752910e-02 8.5306191377362672e-02
-3.1984750124558647e-02 9.0140126704222626e-02
-2.9676537747228740e-02 9.4955476917502418e-02
-2.7248319984313006e-02 9.9750143511766629e-02
-2.4701166153986157e-02 1.0452386395311791e-01
-2.2034100691690477e-02 1.0927784373499246e-01
-1.9243710004285958e-02 1.1401507938417221e-01
-1.6324130916604469e-02 1.1874012001140737e-01
-1.3268393678524242e-02 1.2346070217030874e-01
-1.0067613157096698e-02 1.2818711476456987e-01
-6.7077297367179765e-03 1.3293228744942928e-01
-3.1710657734993273e-03 1.3771232093052507e-01
5.6774054553812082e-04 1.4254682298912449e-01
4.5531791417694860e-03 1.4745099623657618e-01
8.8603487403231020e-03 1.5242713627153515e-01
1.3698374895545642e-02 1.5737686409756646e-01
1.8999980511985603e-02 1.6236479882373581e-01
2.5353455497599171e-02 1.6688563746858201e-01
3.4720625320030798e-02 1.6886726528928125e-01
3.3844133269875287e-02 -8.3574621449697906e-02
2.0851342718552740e-02 -8.3780534609482427e-02
1.1524342587264251e-02 -8.0672314225857397e-02
3.5771513791837272e-03 -7.6819149621035490e-02
-3.6307262040526536e-03 -7.2789782334490821e-02
-9.8910379231715237e-03 -6.8541473545412804e-02
-1.5501197807605879e-02 -6.4241777995011962e-02
-2.0349833735300436e-02 -5.9829052738411687e-02
-2.4614574310016152e-02 -5.5353035517245047e-02
-2.8352238831685476e-02 -5.0811554802711122e-02
-3.1572813716425875e-02 -4.6194452939369579e-02
-3.4388360156150703e-02 -4.1525085778023968e-02
-3.6902894274458607e-02 -3.6817764446610293e-02
-3.8980816970869241e-02 -3.2044883684375199e-02
-4.0683585849740689e-02 -2.7225034011618198e-02
-4.2182354347234774e-02 -2.2385477005641429e-02
-4.3391937603918809e-02 -1.7518163303150251e-02
-4.4295208574330697e-02 -1.2630859491165321e-02
-4.4973465161057526e-02 -7.7378173561268070e-03
-4.5454014789669504e-02 -2.8464831932496480e-03
-4.5749276558792198e-02 2.0368637296757754e-03
-4.5873816735299444e-02 6.9071677015383670e-03
-4.5832411494220703e-02 1.1760179026102002e-02
-4.5630923326690408e-02 1.6593182209485090e-02
-4.5280140397668381e-02 2.1405547881234725e-02
-4.4786298802347017e-02 2.6198345186568262e-02
-4.4151637042887250e-02 3.0973780792527803e-02
-4.3382933153760135e-02 3.5735978918716625e-02
-4.2482960118208096e-02 4.0489509584606509e-02
-4.1452094564438803e-02 4.5238665224188054e-02
-4.0285386062667357e-02 4.9986150289474493e-02
-3.8978213977647537e-02 5.4733238523202783e-02
-3.7535173493327439e-02 5.9481925965795934e-02
-3.5960463356362701e-02 6.4232622534453693e-02
-3.4255410367587766e-02 6.8983333516822981e-02
-3.2421587320599264e-02 7.3730596610233873e-02
-3.0461771699642457e-02 7.8470230978052821e-02
-2.8378350808933476e-02 8.3197589430316105e-02
-2.6174089669602104e-02 8.7908394616050559e-02
-2.3849387157559923e-02 9.2598475335280733e-02
-2.1405843869307078e-02 9.7265613336216569e-02
-1.8844476639746078e-02 1.0190941004402754e-01
-1.6163898153104768e-02 1.0653088999284462e-01
-1.3360174347813900e-02 1.1113228388898350e-01
-1.0426464170522901e-02 1.1571743138213700e-01
-7.3554265992275521e-03 1.2029252409698980e-01
-4.1376522653115847e-03 1.2486673117065315e-01
-7.5924386913542460e-04 1.2945001672380135e-01
2.7967858223133615e-03 1.3405597537013528e-01
6.5525118236570727e-03 1.3869951738676017e-01
1.0547904802890491e-02 1.4338986705102039e-01
1.4844581057067598e-02 1.4812230001050150e-01
1.9609994485443354e-02 1.5280348867677299e-01
2.4792829509726215e-02 1.5749323558336445e-01
3.0875132972388784e-02 1.6175126082119803e-01
3.9429787824056525e-02 1.6374874933831618e-01
3.7706051602075463e-02 -7.9064335939218536e-02
2.5609419661835477e-02 -7.9468495132560033e-02
1.6511184510972592e-02 -7.6859529005797553e-02
8.6067515300105469e-03 -7.3521541782180080e-02
1.3826066534338029e-03 -6.9961911465645302e-02
-4.9825418126943537e-03 -6.6121844734580326e-02
-1.0714801660158060e-02 -6.2165209887768309e-02
-1.5658595536295096e-02 -5.8018716698643356e-02
-1.9998903410940447e-02 -5.3767847494301260e-02
-2.3791468289703434e-02 -4.9420856095540554e-02
-2.7040017678611469e-02 -4.4973201151862416e-02
-2.9868823611579151e-02 -4.0459280314296547e-02
-3.2396325456935389e-02 -3.5903429017671108e-02
-3.4463234429383226e-02 -3.1266298924468791e-02
-3.6136964606846705e-02 -2.6573488851100526e-02
-3.7614544724992476e-02 -2.1861637761507059e-02
-3.8794801228830257e-02 -1.7117455955214245e-02
-3.9655990073677115e-02 -1.2348685890919619e-02
-4.0290702842457150e-02 -7.5728560005366491e-03
-4.0728293985321816e-02 -2.7980955267121639e-03
-4.0981438358623570e-02 1.9695687364273437e-03
-4.1065772236576606e-02 6.7247591586273468e-03
-4.0985667256485683e-02 1.1463446397097442e-02
-4.0746904622429032e-02 1.6182640716342032e-02
-4.0361127679676367e-02 2.0881726778628887e-02
-3.9834782829469569e-02 2.5561651367583749e-02
-3.9169782968569773e-02 3.0224456779725503e-02
-3.8373496070127001e-02 3.4874299877693936e-02
-3.7448752994063743e-02 3.9515642845006339e-02
-3.6395742401161751e-02 4.4152832807286081e-02
-3.5208594190487011e-02 4.8788238356945318e-02
-3.3881760271263474e-02 5.3422869541434340e-02
-3.2420410995612610e-02 5.8058682952461825e-02
-3.0829126067042679e-02 6.2696082921085999e-02
-2.9109134637377153e-02 6.7332799345903485e-02
-2.7261976515346363e-02 7.1965007325851427e-02
-2.5290544137032567e-02 7.6588318941995290e-02
-2.3197295709978021e-02 8.1197763522914065e-02
-2.0985078045642435e-02 8.5789016673556637e-02
-1.8654051690818400e-02 9.0357592494698283e-02
-1.6205790641311380e-02 9.4901209623723781e-02
-1.3641279026762397e-02 9.9419379527677959e-02
-1.0958947478916112e-02 1.0391267161985503e-01
-8.1543822067862304e-03 1.0838283129384282e-01
-5.2203653785303020e-03 1.1283232511624598e-01
-2.1491224981081375e-03 1.1726645928824372e-01
1.0684103823520880e-03 1.2169230340869337e-01
4.4462100704098654e-03 1.2611808300271832e-01
7.9996275604054829e-03 1.3055407596042135e-01
1.1748548782651655e-02 1.3501289325190324e-01
1.5728571484083461e-02 1.3949878493668022e-01
1.9992324681372801e-02 1.4400560888034494e-01
2.4675234060332878e-02 1.4844988528126840e-01
2.9740454246152983e-02 1.5288644538801907e-01
3.5580568755490691e-02 1.5693178304480987e-01
4.3470366361598539e-02 1.5899680663851073e-01
4.0948775420343121e-02 -7.4821684162596380e-02
2.9598287564447906e-02 -7.5329797253800707e-02
2.0726186720066819e-02 -7.3134880231792182e-02
1.2896174465877486e-02 -7.0242572350805471e-02
5.6968546892529138e-03 -6.7100056931960306e-02
-7.1846705690655301e-04 -6.3641291049184104e-02
-6.5202986646989061e-03 -6.0016062530570548e-02
-1.1517894963135383e-02 -5.6133604107123571e-02
-1.5900961002956533e-02 -5.2107904761014102e-02
-1.9722245648458175e-02 -4.7958177663477652e-02
-2.2980438782001358e-02 -4.3681186218021376e-02
-2.5808135861204538e-02 -3.9325435608225566e-02
-2.8336249891800839e-02 -3.4922745427497064e-02
-3.0384873758378582e-02 -3.0423676511756901e-02
-3.2026349798998648e-02 -2.5859191462662152e-02
-3.3479386912341660e-02 -2.1277014424941496e-02
-3.4629219993363825e-02 -1.6657598068881427e-02
-3.5449980889945512e-02 -1.2008584371992603e-02
-3.6043872887566976e-02 -7.3511354845055216e-03
-3.6441986373504556e-02 -2.6934713863838566e-03
-3.6657140082685856e-02 1.9581571088559823e-03
-3.6705833822112850e-02 6.5986636657913945e-03
-3.6592025451104196e-02 1.1223844462412371e-02
-3.6321343597467026e-02 1.5830820385367338e-02
-3.5906119149330062e-02 2.0418783069204388e-02
-3.5352919759262899e-02 2.4988607424496767e-02
-3.4663333110612170e-02 2.9542116875256687e-02
-3.3845228635655519e-02 3.4083281544777473e-02
-3.2901451942946497e-02 3.8616500603360478e-02
-3.1832058248450715e-02 4.3145899894598445e-02
-3.0630347138784212e-02 4.7673666463377035e-02
-2.9290006574351740e-02 5.2200385941685988e-02
-2.7816672988358007e-02 5.6728089546991968e-02
-2.6215271474139410e-02 6.1257103969150371e-02
-2.4486965919758425e-02 6.5784869221785822e-02
-2.2633271959392073e-02 7.0307259646282441e-02
-2.0657250978948490e-02 7.4819548670455788e-02
-1.8561384278676568e-02 7.9316640309273184e-02
-1.6348657307533921e-02 8.3794037745661409e-02
-1.4018969710945820e-02 8.8247162742667404e-02
-1.1573909068276730e-02 9.2673627256052896e-02
-9.0144707796688660e-03 9.7072821868477391e-02
-6.3389162787072222e-03 1.0144500272745546e-01
-3.5427016717446721e-03 1.0579103560382840e-01
-6.1816033782490008e-04 1.1011256988929022e-01
2.4422766337967054e-03 1.1441330476405519e-01
5.6477220212725826e-03 1.1869932556540454e-01
9.0113617116627191e-03 1.2297628014714146e-01
1.2547787952792946e-02 1.2725296230542951e-01
1.6274150450578898e-02 1.3153917382375269e-01
2.0223582615730838e-02 1.3583714005246847e-01
2.4441044879810688e-02 1.4013988657721074e-01
2.9038183872204124e-02 1.4437691856573601e-01
3.3989549791398128e-02 1.4859665253444065e-01
3.9617271051303055e-02 1.5246999231310560e-01
4.6963656657489916e-02 1.5462916882703090e-01
4.3681434447938164e-02 -7.0874274790463501e-02
3.2947672128674582e-02 -7.1423736544898711e-02
2.4290540681745906e-02 -6.9571354074375258e-02
1.6553201041294863e-02 -6.7061489743676178e-02
9.4051274986023600e-03 -6.4283551322964969e-02
2.9777760831968224e-03 -6.1168911244737723e-02
-2.8537971631517186e-03 -5.7852239805030070e-02
-7.8731003264507580e-03 -5.4220407306453444e-02
-1.2271094739152996e-02 -5.0414098629445743e-02
-1.6099095279879343e-02 -4.6457894368238731e-02
-1.9350243685301888e-02 -4.2351160953285658e-02
-2.2164362769812488e-02 -3.8152576050505191e-02
-2.4681682682796691e-02 -3.3903907923927619e-02
-2.6705613538014254e-02 -2.9542825032824186e-02
-2.8311752557840211e-02 -2.5107337654512060e-02
-2.9737256925154516e-02 -2.0655159862423542e-02
-3.0855676074229888e-02 -1.6160789798591115e-02
-3.1637460942331927e-02 -1.1631672043423797e-02
-3.2192988639183476e-02 -7.0921374184130213e-03
-3.2554732260248333e-02 -2.5509773688100999e-03
-3.2735582395124654e-02 1.9860116723079716e-03
-3.2752693765529681e-02 6.5134709222298649e-03
-3.2609583032775960e-02 1.1027546826849170e-02
-3.2311677975502655e-02 1.5525149907326499e-02
-3.1871818248169842e-02 2.0005513177444506e-02
-3.1296617514471749e-02 2.4469319463658296e-02
-3.0587341006553810e-02 2.8918076609732262e-02
-2.9752251437318560e-02 3.3355550237620574e-02
-2.8794223351267943e-02 3.7785798472412521e-02
-2.7713161047222226e-02 4.2212834510216235e-02
-2.6501682170821491e-02 4.6638462299004979e-02
-2.5152773290007882e-02 5.1063046374143974e-02
-2.3672484607531706e-02 5.5488597239085488e-02
-2.2066018465735814e-02 5.9915420984348704e-02
-2.0334490182880204e-02 6.4340667483122102e-02
-1.8479455123566080e-02 6.8759785443311239e-02
-1.6504100914361657e-02 7.3167841080272827e-02
-1.4411018769389973e-02 7.7559433832227659e-02
-1.2203227938330527e-02 8.1930165395172908e-02
-9.8804638332532363e-03 8.6275260814766580e-02
-7.4442575450191697e-03 9.0592409805904300e-02
-4.8956354136056824e-03 9.4880868208758407e-02
-2.2328323998351434e-03 9.9140430428257417e-02
5.4886373601191214e-04 1.0337137433623177e-01
3.4571117576000492e-03 1.0757405943593402e-01
6.4995859822131550e-03 1.1175141360850134e-01
9.6847941649491221e-03 1.1590781321407606e-01
1.3025830199240272e-02 1.2004779058201404e-01
1.6535767270898970e-02 1.2417784579830125e-01
2.0230355843907730e-02 1.2830691992363397e-01
2.4139803079156377e-02 1.3243469865877922e-01
2.8304156901633341e-02 1.3655567735540672e-01
3.2815527184279290e-02 1.4061126727348183e-01
3.7659440767775082e-02 1.4464511696380913e-01
4.3101991601982380e-02 1.4837783891159739e-01
5.0002660240663376e-02 1.5064121661884128e-01
4.5993510389556631e-02 -6.7230823766550471e-02
3.5768189992837734e-02 -6.7782291040627274e-02
2.7310260538248764e-02 -6.6213111936391914e-02
1.9674608550962040e-02 -6.4029938659751109e-02
1.2592724349269571e-02 -6.1566585875307486e-02
6.1791521945523337e-03 -5.8756418054986943e-02
3.4557973164379253e-04 -5.5718198961173360e-02
-4.6707540618356625e-03 -5.2318692447440945e-02
-9.0621263594538870e-03 -4.8719474864097924e-02
-1.2877860233936157e-02 -4.4950827541405183e-02
-1.6108170151126394e-02 -4.1009882875116435e-02
-1.8897395607232626e-02 -3.6966875965586059e-02
-2.1394252929856323e-02 -3.2870189025436675e-02
-2.3387667826357976e-02 -2.8646531630349369e-02
-2.4955905664926111e-02 -2.4339092086066879e-02
-2.6351315053865589e-02 -2.0016177565978854e-02
-2.7437578357784737e-02 -1.5645938043269525e-02
-2.8181836903338947e-02 -1.1235437520707877e-02
-2.8701299044838518e-02 -6.8123874070724743e-03
-2.9029576835734733e-02 -2.3854756811444167e-03
-2.9179488444758987e-02 2.0392876583934742e-03
-2.9168677534003234e-02 6.4568553089625162e-03
-2.9000192723457868e-02 1.0863232444179742e-02
-2.8679196582749093e-02 1.5255515261101754e-02
-2.8218896148324284e-02 1.9632793764179590e-02
-2.7625868467542520e-02 2.3995635135883993e-02
-2.6901049402417922e-02 2.8345166263334141e-02
-2.6053031220351203e-02 3.2684722691746285e-02
-2.5084686075639524e-02 3.7018045973811572e-02
-2.3995821432053841e-02 4.1348786379281369e-02
-2.2778426605542908e-02 4.5678556897764164e-02
-2.1424899723131611e-02 5.0007424197581099e-02
-1.9941591098674973e-02 5.4337542667511812e-02
-1.8333934663928637e-02 5.8669168099128526e-02
-1.6603028573601755e-02 6.2999097261996873e-02
-1.4750468637626076e-02 6.7322392744218668e-02
-1.2779653597211258e-02 7.1633692743485508e-02
-1.0693210664493304e-02 7.5927520226024642e-02
-8.4942667916562790e-03 8.0199402101871167e-02
-6.1822883252223536e-03 8.4444698021224729e-02
-3.7587947211210706e-03 8.8661082486638218e-02
-1.2248101254644476e-03 9.2847757374334483e-02
1.4214353951375448e-03 9.7004100924706432e-02
4.1845718159247720e-03 1.0112953680292890e-01
7.0723858651537156e-03 1.0522362423832897e-01
1.0092183366941275e-02 1.0928800212953210e-01
1.3252420848766036e-02 1.1332641330544495e-01
1.6565428604755152e-02 1.1734158148998393e-01
2.0043737820981643e-02 1.2133923175464469e-01
2.3700987030765838e-02 1.2532653632620971e-01
2.7565881651372692e-02 1.2930240887616504e-01
3.1673591147387770e-02 1.3326191435719861e-01
3.6101842201454327e-02 1.3715900775418516e-01
4.0845103313842140e-02 1.4103242453174772e-01
4.6126540475957593e-02 1.4464891029757310e-01
5.2659434823356874e-02 1.4701613057520690e-01
4.7957705747194657e-02 -6.3887594196846587e-02
3.8151675369987599e-02 -6.4417869299434119e-02
2.9875944204509289e-02 -6.3083618445142889e-02
2.2344503879659694e-02 -6.1178541053610883e-02
1.5336286693173305e-02 -5.8984891357772684e-02
8.9519130428212905e-03 -5.6439239034655891e-02
3.1352185997907721e-03 -5.3647802155358380e-02
-1.8613331124003789e-03 -5.0457831268045490e-02
-6.2289293716484683e-03 -4.7051561143654226e-02
-1.0017567833755901e-02 -4.3460632288412730e-02
-1.3214945062342153e-02 -3.9680449860793124e-02
-1.5970049713116295e-02 -3.5788759131724059e-02
-1.8437878665324633e-02 -3.1841584435087375e-02
-2.0396058382760728e-02 -2.7752908395771936e-02
-2.1924219436504692e-02 -2.3572045952484414e-02
-2.3287556921825939e-02 -1.9376399853396124e-02
-2.4341277327085818e-02 -1.5128206923582433e-02
-2.5049504986679381e-02 -1.0834217356389678e-02
-2.5535197714010385e-02 -6.5247572001781145e-03
-2.5832762064416103e-02 -2.2089986102961975e-03
-2.5954876095453272e-02 2.1073961913113080e-03
-2.5919482092551842e-02 6.4190297884689426e-03
-2.5729142723100919e-02 1.0722216261025581e-02
-2.5388715112305598e-02 1.5013943452996042e-02
-2.4911628492884971e-02 1.9293435505928550e-02
-2.4304357648408523e-02 2.3561057334435694e-02
-2.3567508229010884e-02 2.7817467402684613e-02
-2.2709926252332400e-02 3.2065507155254781e-02
-2.1734509370793235e-02 3.6308330188153021e-02
-2.0640961423385725e-02 4.0549312640652029e-02
-1.9420756321944375e-02 4.4789760044495801e-02
-1.8065724620187448e-02 4.9029696301037817e-02
-1.6582448144754326e-02 5.3271423749579043e-02
-1.4976523637654702e-02 5.7515205440676231e-02
-1.3249039561485208e-02 6.1757468384337107e-02
-1.1401719798797260e-02 6.5992676281693446e-02
-9.4381398002558806e-03 7.0215137059832261e-02
-7.3610701628743485e-03 7.4419072436564718e-02
-5.1736052580789605e-03 7.8600262905557147e-02
-2.8750238409706928e-03 8.2754095033008082e-02
-4.6669074556943471e-04 8.6878514461048231e-02
2.0503327476296147e-03 9.0972580702935027e-02
4.6777465422247130e-03 9.5035190074751238e-02
7.4201014043170158e-03 9.9065051952314201e-02
1.0284976943347344e-02 1.0306059811844646e-01
1.3279633403947074e-02 1.0702286389445768e-01
1.6412015669917696e-02 1.1095445710296099e-01
1.9694428564153179e-02 1.1485751555599412e-01
2.3138216720498678e-02 1.1873624039426266e-01
2.6755966255879941e-02 1.2259733154372060e-01
3.0574088354343807e-02 1.2643798086935548e-01
3.4624609936552926e-02 1.3025497097307581e-01
3.8972979855770230e-02 1.3401284095701302e-01
4.3622709511033947e-02 1.3774729330482671e-01
4.8763121959946421e-02 1.4126599788039604e-01
5.4990792547438119e-02 1.4373087290655104e-01
4.9632855076786705e-02 -6.0833152964262095e-02
4.0173386416829424e-02 -6.1329930831824683e-02
3.2063252627855331e-02 -6.0191484989771400e-02
2.4635020408137757e-02 -5.8523196703229946e-02
1.7702396909144026e-02 -5.6559341954615212e-02
1.1355843073922608e-02 -5.4241154379501451e-02
5.5666556725592776e-03 -5.1663863277550778e-02
6.0133661837870941e-04 -4.8660243931081718e-02
-3.7304589338175527e-03 -4.5430039433343658e-02
-7.4797151807532072e-03 -4.2006557633449508e-02
-1.0634622042048807e-02 -3.8379927452552073e-02
-1.3347543280956033e-02 -3.4635162199068301e-02
-1.5779480880413144e-02 -3.0833136413769540e-02
-1.7698406415025007e-02 -2.6876702273023415e-02
-1.9184971671788908e-02 -2.2819742131529101e-02
-2.0514807478177906e-02 -1.8748585453081085e-02
-2.1535960803939453e-02 -1.4619548839711127e-02
-2.2209818415561557e-02 -1.0438808519673728e-02
-2.2664023765666157e-02 -6.2393844921727034e-03
-2.2933568126313725e-02 -2.0303660776431996e-03
-2.3030825697056421e-02 2.1821581723119004e-03
-2.2973912865707106e-02 6.3928549225504179e-03
-2.2764888065974823e-02 1.0597860394862836e-02
-2.2408262517168966e-02 1.4794443387133503e-02
-2.1917577136893709e-02 1.8981874644835701e-02
-2.1299132445396163e-02 2.3160440610181431e-02
-2.0553200468245610e-02 2.7330243336982578e-02
-1.9688845064361415e-02 3.1493399032600712e-02
-1.8708987455842863e-02 3.5652421318658346e-02
-1.7613285046638991e-02 3.9810214241172585e-02
-1.6392733018766405e-02 4.3967977494678179e-02
-1.5038654558442241e-02 4.8125743564682730e-02
-1.3557741271816292e-02 5.2286177114387586e-02
-1.1955693943278271e-02 5.6449562959438995e-02
-1.0233633116778846e-02 6.0611831835692812e-02
-8.3934296545906898e-03 6.4766818464061682e-02
-6.4389522401789171e-03 6.8908218549177877e-02
-4.3730401767541208e-03 7.3030172866082627e-02
-2.1988266961259625e-03 7.7128561303196702e-02
8.4761289071241266e-05 8.1199200790225384e-02
2.4764821905105252e-03 8.5240221104176978e-02
4.9753234524041751e-03 8.9250683192583460e-02
7.5828442075127579e-03 9.3228916379246587e-02
1.0303328474862622e-02 9.7172722020918964e-02
1.3144225985688566e-02 1.0107970165411846e-01
1.6112425123854066e-02 1.0494995716603975e-01
1.9215880056589869e-02 1.0878582935746778e-01
2.2466433139762546e-02 1.1258842276154925e-01
2.5875098637709017e-02 1.1636155327189321e-01
2.9452714378459675e-02 1.2011055494767250e-01
3.3224287133353674e-02 1.2383188452602070e-01
3.7218207989779498e-02 1.2752287388787159e-01
4.1490849807017061e-02 1.3115841424435576e-01
4.6053258812309039e-02 1.3477138164844887e-01
5.1069593301856640e-02 1.3820666146169894e-01
5.7042500575552241e-02 1.4075991628078510e-01
5.1066493742460688e-02 -5.8051560758596299e-02
4.1894417094198035e-02 -5.8509620189120287e-02
3.3934842648111141e-02 -5.7535480973100489e-02
2.6606628211246468e-02 -5.6068940869397885e-02
1.9748618384021123e-02 -5.4300604636607561e-02
1.3442932999827305e-02 -5.2175712762717659e-02
7.6865613789816921e-03 -4.9781895965923806e-02
2.7583545030032122e-03 -4.6940563115832716e-02
-1.5288971974786580e-03 -4.3869666048856282e-02
-5.2295249327561372e-03 -4.0602036185435481e-02
-8.3339243347675604e-03 -3.7121719465959949e-02
-1.0998302804507335e-02 -3.3518194149885328e-02
-1.3388559939823672e-02 -2.9856771256627619e-02
-1.5265268266213159e-02 -2.6028607144459599e-02
-1.6709172062612836e-02 -2.2092534581579455e-02
-1.8004666891684829e-02 -1.8142269462988150e-02
-1.8993619630414002e-02 -1.4128694554657699e-02
-1.9634878092641295e-02 -1.0057436897881921e-02
-2.0059950041310694e-02 -5.9634009829395828e-03
-2.0304078599182620e-02 -1.8562095634065358e-03
-2.0379262787447582e-02 2.2579250316821877e-03
-2.0303640574795865e-02 6.3730486327636558e-03
-2.0078774320727959e-02 1.0485457094364600e-02
-1.9708812482755293e-02 1.4592519381373344e-02
-1.9207295358519626e-02 1.8693897111820498e-02
-1.8580292967412770e-02 2.2789773793053168e-02
-1.7827742974201859e-02 2.6879618064925944e-02
-1.6958891044190051e-02 3.0964663487187797e-02
-1.5976727496302665e-02 3.5046522286700958e-02
-1.4880881106758283e-02 3.9127657630156111e-02
-1.3661949728997740e-02 4.3209152827640186e-02
-1.2310736599670769e-02 4.7291352964753675e-02
-1.0833947700911012e-02 5.1377407414594796e-02
-9.2373174698380939e-03 5.5467679958378237e-02
-7.5220148900520629e-03 5.9557535884565360e-02
-5.6901762296655035e-03 6.3639888058231925e-02
-3.7459570299910676e-03 6.7707857281267866e-02
-1.6923767346900930e-03 7.1755290707885125e-02
4.6754354376432540e-04 7.5778510448978750e-02
2.7351858160305884e-03 7.9773716820201734e-02
5.1096250996364471e-03 8.3739569930728328e-02
7.5898472101726174e-03 8.7675004370555462e-02
1.0177222582056673e-02 9.1577734625525847e-02
1.2875694173461008e-02 9.5444623945844465e-02
1.5692330836303451e-02 9.9272216082484918e-02
1.8633889985613810e-02 1.0306015994224919e-01
2.1708066958558606e-02 1.0681026529886332e-01
2.4926923956656057e-02 1.1052359337934584e-01
2.8300735138065972e-02 1.1420307691773042e-01
3.1839348545795274e-02 1.1785349626754768e-01
3.5565512519096780e-02 1.2146959372118367e-01
3.9504908473390811e-02 1.2504969165718369e-01
4.3705761072776059e-02 1.2857707131801333e-01
4.8186708626495461e-02 1.3208331906419965e-01
5.3092744692354331e-02 1.3544610532525750e-01
5.8852121285312975e-02 1.3807727935008346e-01
5.2297054708189322e-02 -5.5524535396173594e-02
4.3364218143239174e-02 -5.5943114778037158e-02
3.5542042871002953e-02 -5.5107859718447151e-02
2.8309768791880310e-02 -5.3813628817695636e-02
2.1523416826326566e-02 -5.2211355690695328e-02
1.5258672998143586e-02 -5.0249767775155253e-02
9.5356389921823007e-03 -4.8010439481912186e-02
4.6467858191142804e-03 -4.5308503868181679e-02
4.0945324408920539e-04 -4.2379911615534838e-02
-3.2353472641042571e-03 -3.9256671714784440e-02
-6.2828294190817409e-03 -3.5915034039520927e-02
-8.8934401560732158e-03 -3.2446948071282483e-02
-1.1237603286018335e-02 -2.8920641531075989e-02
-1.3069789445081460e-02 -2.5216661918129015e-02
-1.4470598980458840e-02 -2.1397614645062069e-02
-1.5731396171219769e-02 -1.7564227815746215e-02
-1.6688843661873995e-02 -1.3661955972060158e-02
-1.7299439847153250e-02 -9.6956522314030017e-03
-1.7697730525555493e-02 -5.7019966720626720e-03
-1.7919001817302820e-02 -1.6908398084532824e-03
-1.7974717704438217e-02 2.3306670244876313e-03
-1.7882957076511986e-02 6.3561336631640358e-03
-1.7644797992583987e-02 1.0381609529103372e-02
-1.7264015706122814e-02 1.4404962579430025e-02
-1.6754065725902809e-02 1.8426304283296308e-02
-1.6120721007123865e-02 2.2445901678101132e-02
-1.5363589045745725e-02 2.6462455730059689e-02
-1.4492088911170778e-02 3.0476068535709406e-02
-1.3509315081643974e-02 3.4487294691150042e-02
-1.2414928155145118e-02 3.8498018746972784e-02
-1.1199160714065312e-02 4.2509396073509530e-02
-9.8523055041707195e-03 4.6522271097139870e-02
-8.3809447408344697e-03 5.0540556101125698e-02
-6.7907793430175174e-03 5.4564731349081401e-02
-5.0830864755011928e-03 5.8589404050690561e-02
-3.2603237742401675e-03 6.2606439674953912e-02
-1.3270649442241001e-03 6.6608096006959647e-02
7.1355093018026395e-04 7.0588116462134351e-02
2.8585640707248661e-03 7.4543172413562370e-02
5.1098557958606378e-03 7.8470266089143065e-02
7.4668305038934589e-03 8.2368571476874972e-02
9.9285752454763877e-03 8.6237043302711397e-02
1.2496152073999163e-02 9.0072594920003482e-02
1.5173003790687624e-02 9.3870984192903975e-02
1.7965808097053608e-02 9.7627813694702137e-02
2.0880975473877874e-02 1.0134209150514654e-01
2.3926373519963351e-02 1.0501576391257986e-01
2.7114099504751538e-02 1.0864968304083091e-01
3.0454450049351774e-02 1.1224680117587875e-01
3.3955739463076062e-02 1.1581062785661980e-01
3.7638906888948741e-02 1.1933463229213497e-01
4.1526226179126061e-02 1.2281698485700489e-01
4.5659600028012080e-02 1.2624871287690534e-01
5.0064026262202993e-02 1.2966036616819837e-01
5.4871289366490467e-02 1.3295930948124304e-01
6.0451022602069228e-02 1.3565772183717167e-01
5.3355667221649833e-02 -5.3232869708812816e-02
4.4622846330039809e-02 -5.3613910319753669e-02
3.6926725616676884e-02 -5.2896879811922322e-02
2.9785986668970550e-02 -5.1750202661199521e-02
2.3067577470620444e-02 -5.0289063446497112e-02
1.6841661419506469e-02 -4.8464460212930188e-02
1.1149791328438510e-02 -4.6353608706045282e-02
6.2992512279759615e-03 -4.3769269053351691e-02
2.1146338985826882e-03 -4.0966487385146293e-02
-1.4686535459426315e-03 -3.7976799614403929e-02
-4.4542610130101521e-03 -3.4766010406327208e-02
-7.0069648885937325e-03 -3.1427410341414323e-02
-9.3016009457572366e-03 -2.8030618965716857e-02
-1.1087877117491233e-02 -2.4445917954955081e-02
-1.2445517770846124e-02 -2.0739994223050097e-02
-1.3671774977256705e-02 -1.7018896862908924e-02
-1.4598700284570332e-02 -1.3223407054818666e-02
-1.5180651056397768e-02 -9.3572763696152216e-03
-1.5554551464490203e-02 -5.4583128299532753e-03
-1.5755420611861793e-02 -1.5371883975387227e-03
-1.5794112036651344e-02 2.3979809175064754e-03
-1.5688547951028739e-02 6.3397341256019651e-03
-1.5439363234664424e-02 1.0284104236900331e-02
-1.5049970462640326e-02 1.4229427697463850e-02
-1.4533650725327231e-02 1.8176706644221278e-02
-1.3895827928331397e-02 2.2126323973264164e-02
-1.3135779470853573e-02 2.6076133593141294e-02
-1.2263104045654297e-02 3.0024828263461097e-02
-1.1281058254094327e-02 3.3971675101471172e-02
-1.0189380773808666e-02 3.7917936740954776e-02
-8.9779940093553078e-03 4.1864923518287495e-02
-7.6366398317961135e-03 4.5814325161392305e-02
-6.1716528892326386e-03 4.9771044380038140e-02
-4.5886261845781047e-03 5.3735741050713715e-02
-2.8889891393615377e-03 5.7702108993030472e-02
-1.0756645563848959e-03 6.1660625849195801e-02
8.4633663112759316e-04 6.5602679110784462e-02
2.8736680605114797e-03 6.9521765973104957e-02
5.0035552083905754e-03 7.3415188231061732e-02
7.2383893205716721e-03 7.7280797355503500e-02
9.5781211326653199e-03 8.1118642214481576e-02
1.2021894634909188e-02 8.4927571526984214e-02
1.4570406910704478e-02 8.8703619081953192e-02
1.7226467010686270e-02 9.2441296632989625e-02
1.9996165483244073e-02 9.6135099904702787e-02
2.2885708073292231e-02 9.9783697639187277e-02
2.5902996642186694e-02 1.0338906879535641e-01
2.9060787924495433e-02 1.0695268917487484e-01
3.2369273902847856e-02 1.1047733817907998e-01
3.5835778893471851e-02 1.1396575721739856e-01
3.9478646671525841e-02 1.1740925427098363e-01
4.3317125009611261e-02 1.2080586373537888e-01
4.7387065933616648e-02 1.2415261998542508e-01
5.1719616916545981e-02 1.2748007934281450e-01
5.6437471522530043e-02 1.3072188211469157e-01
6.1865753445378632e-02 1.3347732942569501e-01
5.4267553741985886e-02 -5.1157303602292273e-02
4.5702577332547657e-02 -5.1504197335716026e-02
3.8123084152711768e-02 -5.0888616940218817e-02
3.1069176286433350e-02 -4.9868430448346067e-02
2.4414805069931503e-02 -4.8527389491787726e-02
1.8224852678486378e-02 -4.6817335305370029e-02
1.2560129963143091e-02 -4.4811866784516360e-02
7.7443280398210995e-03 -4.2324737810832583e-02
3.6136890233237568e-03 -3.9632674597446654e-02
9.5692296773131790e-05 -3.6765574127082687e-02
-2.8236434907795431e-03 -3.3678754130183022e-02
-5.3154980651179250e-03 -3.0463298463805858e-02
-7.5582331656066362e-03 -2.7190008006761360e-02
-9.2976619028022588e-03 -2.3719928009575762e-02
-1.0612686414879335e-02 -2.0122390821940998e-02
-1.1804860521411768e-02 -1.6509037465316113e-02
-1.2702506227232780e-02 -1.2815493708200659e-02
-1.3257910341605719e-02 -9.0444146223709852e-03
-1.3609771006184240e-02 -5.2343165206917633e-03
-1.3792607927882795e-02 -1.3967630284398001e-03
-1.3816532358316520e-02 2.4583660549835147e-03
-1.3699274080659522e-02 6.3225164221969929e-03
-1.3441072851966896e-02 1.0191422505534634e-02
-1.3044993390625936e-02 1.4064305072994393e-02
-1.2524074719195271e-02 1.7943262136358686e-02
-1.1883324043131704e-02 2.1829035468709224e-02
-1.1121704330109032e-02 2.5718424694948068e-02
-1.0249010733750367e-02 2.9608445680379281e-02
-9.2687257265247607e-03 3.3496853271922040e-02
-8.1807244166345848e-03 3.7384211186523977e-02
-6.9746548884111262e-03 4.1272132393559612e-02
-5.6396785900540538e-03 4.5163435280208074e-02
-4.1817211755353070e-03 4.9064365238690184e-02
-2.6062057819815961e-03 5.2975782712948984e-02
-9.1479322667668112e-04 5.6890225651413801e-02
8.8903117470623926e-04 6.0796569734199078e-02
2.7997121496955765e-03 6.4685124711299488e-02
4.8137393895256071e-03 6.8549289610754710e-02
6.9284915365354386e-03 7.2386951275684494e-02
9.1470390458506818e-03 7.6197163336732182e-02
1.1469965069929594e-02 7.9980958368510185e-02
1.3896549482795759e-02 8.3737167737036752e-02
1.6426977529761244e-02 8.7460712984378158e-02
1.9063293570182681e-02 9.1144723998958455e-02
2.1810922164978559e-02 9.4782578709880994e-02
2.4675718772207582e-02 9.8372504134653566e-02
2.7665928699573406e-02 1.0191698372942219e-01
3.0794970057728046e-02 1.0541815899344908e-01
3.4073671054122609e-02 1.0887944520779001e-01
3.7507989884442365e-02 1.1230228347380243e-01
4.1113848811832124e-02 1.1567593998616336e-01
4.4906786271724036e-02 1.1899732513842973e-01
4.8917574584932511e-02 1.2226869899253751e-01
5.3182333835903935e-02 1.2552071623543110e-01
5.7818672638525997e-02 1.2871080925865072e-01
6.3119024282785999e-02 1.3151381328498751e-01
5.5053254643978200e-02 -4.9279150259021590e-02
4.6629771892044286e-02 -4.9596037134876154e-02
3.9158577860211055e-02 -4.9067862555284232e-02
3.2187282260751737e-02 -4.8156519816538651e-02
2.5592782893344032e-02 -4.6917569647989224e-02
1.9435801206300091e-02 -4.5303117676036467e-02
1.3793290269471976e-02 -4.3382896494835864e-02
9.0076385045601958e-03 -4.0975015120108364e-02
4.9298743406864295e-03 -3.8378770569519827e-02
1.4809297296439312e-03 -3.5625239116409975e-02
-1.3693415700311129e-03 -3.2654862107722428e-02
-3.7980031891136881e-03 -2.9556670810067642e-02
-5.9872402007295541e-03 -2.6400954130744728e-02
-7.6798090351206149e-03 -2.3039898458398406e-02
-8.9528592680691108e-03 -1.9546563742046413e-02
-1.0111911091587673e-02 -1.6035682864090225e-02
-1.0981630170257044e-02 -1.2439397951245011e-02
-1.1512617302002601e-02 -8.7581259882063764e-03
-1.1844758743255558e-02 -5.0307611976718684e-03
-1.2011798970700467e-02 -1.2703203601406726e-03
-1.2023036387303359e-02 2.5111993200067407e-03
-1.1895972854497148e-02 6.3036845332264868e-03
-1.1630520141822399e-02 1.0102682783496549e-02
-1.1229427097634723e-02 1.3908404258076887e-02
-1.0705410670792797e-02 1.7724586279846025e-02
-1.0063013497704316e-02 2.1552364892834300e-02
-9.3008881071892247e-03 2.5387395292752243e-02
-8.4290710154586446e-03 2.9224638269172577e-02
-7.4513258162308632e-03 3.3060187549853369e-02
-6.3677274139533500e-03 3.6893815006525339e-02
-5.1676903593572878e-03 4.0727552392432080e-02
-3.8397383394889288e-03 4.4565704001309610e-02
-2.3892451266718604e-03 4.8416150707180250e-02
-8.2138897166146943e-04 5.2280019839351259e-02
8.6185827102716237e-04 5.6148453137928378e-02
2.6562952184009062e-03 6.0008384204739432e-02
4.5558046509965909e-03 6.3849050878727845e-02
6.5566826794388796e-03 6.7663734385419103e-02
8.6565009177249925e-03 7.1451009176512884e-02
1.0859068230540480e-02 7.5211265555513440e-02
1.3165821358151844e-02 7.8946869512701329e-02
1.5576131499303040e-02 8.2656510161616695e-02
1.8089604659606712e-02 8.6333898034822013e-02
2.0707380307738103e-02 8.9970621817057964e-02
2.3434061644071642e-02 9.3558814623159806e-02
2.6275221617765784e-02 9.7096436113176851e-02
2.9239344706971336e-02 1.0058640772092094e-01
3.2341052910931652e-02 1.0403222935760421e-01
3.5591948285241606e-02 1.0743804534026001e-01
3.8997003066944501e-02 1.1080429244281133e-01
4.2569065723283429e-02 1.1411745736468148e-01
4.6320136154761972e-02 1.1737321123027449e-01
5.0275876135686973e-02 1.2057758678885089e-01
5.4476863369757891e-02 1.2376188160291518e-01
5.9038214496113184e-02 1.2690459994633982e-01
6.4230437000285329e-02 1.2974660987609876e-01
5.5729354198392297e-02 -4.7580527193683206e-02
4.7425386623567274e-02 -4.7871640703363361e-02
4.0055887284680944e-02 -4.7419380593792880e-02
3.3162231155372056e-02 -4.6601252842065094e-02
2.6624152877524818e-02 -4.5449418196696782e-02
2.0497385153088920e-02 -4.3914670585262112e-02
1.4872751421908800e-02 -4.2063107060525455e-02
1.0110837954190353e-02 -3.9717721127727312e-02
6.0849971464404370e-03 -3.7204876614454069e-02
2.7068362920133777e-03 -3.4555282295675262e-02
-7.1324520474782898e-05 -3.1695500345373884e-02
-2.4356965483809606e-03 -2.8708128163481818e-02
-4.5708763293853495e-03 -2.5663489725154937e-02
-6.2165012052956999e-03 -2.2407049768591772e-02
-7.4490534952816453e-03 -1.9012290276380579e-02
-8.5759604009368433e-03 -1.5599303173119469e-02
-9.4193386993136827e-03 -1.2095167541738479e-02
-9.9280102565816684e-03 -8.4985268326043095e-03
-1.0242670904622914e-02 -4.8477558345152161e-03
-1.0396017689249375e-02 -1.1579030590852081e-03
-1.0396460267911531e-02 2.5562837154977443e-03
-1.0261272877176661e-02 6.2829222441436539e-03
-9.9901130669228025e-03 1.0017299227011823e-02
-9.5854439466801448e-03 1.3760942019364052e-02
-9.0596021252205110e-03 1.7519547170615567e-02
-8.4165964043284337e-03 2.1294920644905818e-02
-7.6548002457438157e-03 2.5081292864252883e-02
-6.7845364098425365e-03 2.8871267267794886e-02
-5.8098983320180814e-03 3.2659169056996250e-02
-4.7312355213374726e-03 3.6443835401671523e-02
-3.5377497482103697e-03 4.0227891350538565e-02
-2.2172901181936916e-03 4.4017392130250736e-02
-7.7451373063972180e-04 4.7822220025334927e-02
7.8570828772764160e-04 5.1643804062911372e-02
2.4609938010655328e-03 5.5471611592483296e-02
4.2462948600822557e-03 5.9290361634817740e-02
6.1348981255650538e-03 6.3088187532566606e-02
8.1229559787353248e-03 6.6858392706178674e-02
1.0208160182401076e-02 7.0600110450406581e-02
1.2395189733278919e-02 7.4315339309369302e-02
1.4686488645709369e-02 7.8008002992532993e-02
1.7081541995498339e-02 8.1676641791620402e-02
1.9579230633087349e-02 8.5313533910288272e-02
2.2179730624169575e-02 8.8908688831814325e-02
2.4886691184492504e-02 9.2452883894755547e-02
2.7705326702355218e-02 9.5943785738509688e-02
3.0644510044806464e-02 9.9385002289564386e-02
3.3720160118693415e-02 1.0278153461202388e-01
3.6945370660265348e-02 1.0613900481721102e-01
4.0323884152117288e-02 1.0945646892886775e-01
4.3865518260676341e-02 1.1271761354126077e-01
4.7578231656014651e-02 1.1591613555465814e-01
5.1483212434723355e-02 1.1906118743583342e-01
5.5624232732986015e-02 1.2218450035433395e-01
6.0116229018890938e-02 1.2528348167882131e-01
6.5216974729148947e-02 1.2815685685784012e-01
5.6309496441974756e-02 -4.6044726038366915e-02
4.8106980843035621e-02 -4.6314267308277667e-02
4.0832456772767693e-02 -4.5927634518371431e-02
3.4012912102221862e-02 -4.5189952594583270e-02
2.7527169357126225e-02 -4.4111908443257263e-02
2.1428677071001684e-02 -4.2643860160156574e-02
1.5817550660907686e-02 -4.0846754768325923e-02
1.1074267833148950e-02 -3.8550592872806148e-02
7.0970363482210632e-03 -3.6108521374983944e-02
3.7924694251325010e-03 -3.3555809008917283e-02
1.0877216031281161e-03 -3.0799852728535776e-02
-1.2118060898840732e-03 -2.7917214698238560e-02
-3.2926045077546111e-03 -2.4978023714889341e-02
-4.8925137618852600e-03 -2.1819915073918929e-02
-6.0855980912919334e-03 -1.8519827055985417e-02
-7.1820064683488574e-03 -1.5198730912210802e-02
-8.0005181931009743e-03 -1.1782399292164254e-02
-8.4889739776716731e-03 -8.2651007863342937e-03
-8.7882919248330089e-03 -4.6848225998717312e-03
-8.9298984469810480e-03 -1.0591122973955054e-03
-8.9212510703323752e-03 2.5937428043959639e-03
-8.7794267801865385e-03 6.2601942441981662e-03
-8.5039012043762290e-03 9.9349643929257919e-03
-8.0968907357118758e-03 1.3621278260406685e-02
-7.5702760342767957e-03 1.7327304944355734e-02
-6.9275006385141240e-03 2.1055475273258926e-02
-6.1666670735494858e-03 2.4798541826117518e-02
-5.2984531136174096e-03 2.8546350747708962e-02
-4.3273340508822727e-03 3.2291358405200615e-02
-3.2539581653433930e-03 3.6031524891893610e-02
-2.0673813067260726e-03 3.9770030014945862e-02
-7.5473023230134841e-04 4.3514976453894585e-02
6.8022774158417682e-04 4.7278641456909291e-02
2.2329565694129733e-03 5.1062706239241092e-02
3.9005937998176465e-03 5.4854776916153862e-02
5.6770785974915227e-03 5.8637008411651086e-02
7.5551373647831368e-03 6.2396552822294483e-02
9.5308157878185498e-03 6.6126831100137728e-02
1.1601850773719405e-02 6.9827399479374955e-02
1.3773844439048447e-02 7.3501988125974888e-02
1.6050507456186681e-02 7.7156486864692661e-02
1.8431305977508292e-02 8.0789031233286235e-02
2.0914392530698083e-02 8.4390478931410329e-02
2.3498905678284988e-02 8.7949186118704240e-02
2.6187359885903178e-02 9.1454388649194238e-02
2.8984678861821732e-02 9.4903612719368605e-02
3.1899997853084200e-02 9.8301049844422478e-02
3.4950935291583198e-02 1.0165370991098230e-01
3.8152370532627364e-02 1.0496895685824685e-01
4.1507063568653829e-02 1.0824462729847964e-01
4.5021314312952872e-02 1.1146106048588142e-01
4.8699298362030095e-02 1.1460999085535221e-01
5.2557629189102818e-02 1.1770253248019674e-01
5.6642630117675077e-02 1.2077103768050441e-01
6.1070151482881176e-02 1.2382935536719068e-01
6.6093493638122600e-02 1.2672737345929319e-01
5.6804537087198348e-02 -4.4656075417662054e-02
4.8687785997022594e-02 -4.4907686443379176e-02
4.1503548061127868e-02 -4.4578361650163198e-02
3.4752416646732967e-02 -4.3908720316645548e-02
2.8316461621825311e-02 -4.2893714197158921e-02
2.2244839786146560e-02 -4.1481553831277301e-02
1.6645409777475292e-02 -3.9728585513144433e-02
1.1914342430991232e-02 -3.7469271447665098e-02
7.9839042151321326e-03 -3.5088385579217847e-02
4.7535464387731844e-03 -3.2624549637794625e-02
2.1240604576344252e-03 -2.9967373835355776e-02
-1.1112247595941162e-04 -2.7183072368744409e-02
-2.1387643163367008e-03 -2.4342065483429581e-02
-3.6930194549798820e-03 -2.1279197012012124e-02
-4.8490930671919886e-03 -1.8066933358386203e-02
-5.9162699667311856e-03 -1.4833365389165997e-02
-6.7116586493868573e-03 -1.1499739028533153e-02
-7.1818654540941130e-03 -8.0569398779056986e-03
-7.4678759704075830e-03 -4.5410382900467807e-03
-7.5995124292186512e-03 -9.7350820134822237e-04
-7.5833160995772558e-03 2.6239830738808271e-03
-7.4361632252474153e-03 6.2353769228291897e-03
-7.1574229010162756e-03 9.8555704936251574e-03
-6.7491175031187713e-03 1.3489024191272214e-02
-6.2226071247899958e-03 1.7147080714709301e-02
-5.5807130188599225e-03 2.0832974629328257e-02
-4.8213217741312469e-03 2.4537636332047620e-02
-3.9555447377718446e-03 2.8247806427291740e-02
-2.9881583724423082e-03 3.1954546775822247e-02
-1.9203283223354385e-03 3.5654153867410679e-02
-7.4087103552519502e-04 3.9350944505072073e-02
5.6382875028392336e-04 4.3055204644597306e-02
1.9909272913329204e-03 4.6781609634610276e-02
3.5364101272955793e-03 5.0532510703105660e-02
5.1967622126761204e-03 5.4293203015636678e-02
6.9648069577338770e-03 5.8043090667950152e-02
8.8327067597791294e-03 6.1768375083703600e-02
1.0796588066969474e-02 6.5462984311593822e-02
1.2853942287073929e-02 6.9126331838918684e-02
1.5011508156181966e-02 7.2764302937179018e-02
1.7274353202365405e-02 7.6384864657905047e-02
1.9641924447833484e-02 7.9985723831310473e-02
2.2111518324686226e-02 8.3556138117020631e-02
2.4681296752161637e-02 8.7082934877964688e-02
2.7352453100059543e-02 9.0553601085470642e-02
3.0129653641539363e-02 9.3965616953054998e-02
3.3022259400697994e-02 9.7323756081204749e-02
3.6049705650411989e-02 1.0063720510312971e-01
3.9229304081035823e-02 1.0391572515960892e-01
4.2562544914483857e-02 1.0715554706831065e-01
4.6052371327710548e-02 1.1033377987794726e-01
4.9698830547103161e-02 1.1343966411845982e-01
5.3514758801865570e-02 1.1648604076949179e-01
5.7547681237019907e-02 1.1950534369509382e-01
6.1915144950627964e-02 1.2252573186434144e-01
6.6872866878775347e-02 1.2544246332235823e-01
5.7223527853207050e-02 -4.3400311289701357e-02
4.9180077522067128e-02 -4.3637518953505469e-02
4.2079306082468626e-02 -4.3356954692770462e-02
3.5394472209126622e-02 -4.2746213094329230e-02
2.9004188891534690e-02 -4.1783940466548306e-02
2.2959031598150523e-02 -4.0419017001097249e-02
1.7369157652883091e-02 -3.8701123813966523e-02
1.2647435050012909e-02 -3.6470529887796005e-02
8.7596954546777447e-03 -3.4140818829646695e-02
5.6056965641160762e-03 -3.1760393714604450e-02
3.0517346128875627e-03 -2.9196221945035881e-02
8.7933950548388417e-04 -2.6503374232040140e-02
-1.0954852897935238e-03 -2.3755813691836082e-02
-2.6063698726870232e-03 -2.0781314650924289e-02
-3.7265797974918883e-03 -1.7653650227515010e-02
-4.7668214904908000e-03 -1.4500593284836041e-02
-5.5404774807621430e-03 -1.1246041896480589e-02
-5.9943856253153191e-03 -7.8727454899324822e-03
-6.2689621771851254e-03 -4.4155214756963403e-03
-6.3922764877609008e-03 -8.9995791132727358e-04
-6.3698714465040759e-03 2.6470550344567553e-03
-6.2185358122767527e-03 6.2089909281142037e-03
-5.9375907059571586e-03 9.7787237080613296e-03
-5.5288546586496441e-03 1.3363813980768982e-02
-5.0031465478509842e-03 1.6978331889349722e-02
-4.3626549425541854e-03 2.0626372712880946e-02
-3.6050457534734142e-03 2.4297165174784016e-02
-2.7419357578661267e-03 2.7973995876845157e-02
-1.7785054148138869e-03 3.1646216847445556e-02
-7.1626918759806432e-04 3.5309259545195912e-02
4.5599452647800798e-04 3.8967926073033302e-02
1.7526182382259295e-03 4.2634769498289954e-02
3.1720532050775450e-03 4.6327843406097191e-02
4.7105306088251102e-03 5.0049319195526042e-02
6.3639885757948208e-03 5.3782497653367713e-02
8.1239440992118012e-03 5.7503634152420040e-02
9.9821868203417968e-03 6.1198417588851917e-02
1.1934827359339052e-02 6.4861069049316655e-02
1.3979171580862157e-02 6.8490977789932544e-02
1.6122865199287139e-02 7.2095787490491905e-02
1.8372828067554855e-02 7.5686361842053351e-02
2.0728032532295732e-02 7.9259227790975467e-02
2.3185161036568088e-02 8.2802452278285157e-02
2.5741511165283310e-02 8.6301500385415550e-02
2.8396498176642766e-02 8.9741519217058890e-02
3.1154756770333067e-02 9.3120293312531785e-02
3.4025760785819884e-02 9.6443073606381505e-02
3.7031080876647769e-02 9.9721605719009954e-02
4.0190360504905320e-02 1.0296789758994357e-01
4.3504461510418146e-02 1.0617718266069391e-01
4.6972276132170365e-02 1.0932261436584638e-01
5.0590488662907156e-02 1.1239146655612901e-01
5.4367949374255660e-02 1.1539728487834752e-01
5.8352956142976344e-02 1.1837269166964569e-01
6.2664487051315207e-02 1.2135767059115263e-01
6.7566543574755514e-02 1.2428797783374063e-01
5.7573887824679905e-02 -4.2264284312546890e-02
4.9591170635023704e-02 -4.2489468551205022e-02
4.2570733002560472e-02 -4.2251313984068423e-02
3.5944911866973510e-02 -4.1688660527541090e-02
2.9598974171300599e-02 -4.0771384896588332e-02
2.3580482908572016e-02 -3.9446545462719348e-02
1.8002463499831062e-02 -3.7758916716447946e-02
1.3286200334925698e-02 -3.5549387037520877e-02
9.4396020106263818e-03 -3.3264087720126123e-02
6.3616092142749266e-03 -3.0960396739692760e-02
3.8836360631215564e-03 -2.8484575802676181e-02
1.7720590987271600e-03 -2.5876802320729642e-02
-1.5284326782374292e-04 -2.3214510333108403e-02
-1.6198940268543228e-03 -2.0327512080671472e-02
-2.7076371581954326e-03 -1.7276293284930796e-02
-3.7223995627725893e-03 -1.4199508054832432e-02
-4.4760669258955615e-03 -1.1019173335614158e-02
-4.9154558350506822e-03 -7.7108623130214982e-03
-5.1803263485823113e-03 -4.3067517246960950e-03
-5.2967320141491204e-03 -8.3821686785540519e-04
-5.2693507136842401e-03 2.6641362082210980e-03
-5.1148328703901867e-03 6.1804219676765710e-03
-4.8324741595524518e-03 9.7052147264863730e-03
-4.4240774418123569e-03 1.3245325836621176e-02
-3.8997216411977651e-03 1.6820497502162957e-02
-3.2609942515798287e-03 2.0434940595007670e-02
-2.5054105772040355e-03 2.4075910938095836e-02
-1.6452381815467555e-03 2.7722702787209817e-02
-6.8562406598886457e-04 3.1364924302543541e-02
3.7083789420906416e-04 3.4994234606424222e-02
1.5359512377837795e-03 3.8618174939650515e-02
2.8247015230098509e-03 4.2251256880272342e-02
4.2364743518571047e-03 4.5913848228817944e-02
5.7683340044230470e-03 4.9609505399414860e-02
7.4152484788650302e-03 5.3318463925248687e-02
9.1675248228431268e-03 5.7014122368614154e-02
1.1016492743520073e-02 6.0681487554638681e-02
1.2958675263088837e-02 6.4315914357864573e-02
1.4990560678189501e-02 6.7915533992597824e-02
1.7121200181660148e-02 7.1490681176584081e-02
1.9359071650938108e-02 7.5054576731987552e-02
2.1702848169633922e-02 7.8602868410127522e-02
2.4148458629411583e-02 8.2122238890700319e-02
2.6692472941890536e-02 8.5597014865593304e-02
2.9332370655304706e-02 8.9009822959907267e-02
3.2072914495390958e-02 9.2358978518157497e-02
3.4923407616555512e-02 9.5649888289950843e-02
3.7907759164611241e-02 9.8897122089382089e-02
4.1048604658008345e-02 1.0211558599737644e-01
4.4345092609699342e-02 1.0529837159855712e-01
4.7793490746334710e-02 1.0841606142386842e-01
5.1385939819951668e-02 1.1145268662887302e-01
5.5128860191091790e-02 1.1442315461556772e-01
5.9070358838658243e-02 1.1735975992948559e-01
6.3329800113512774e-02 1.2031164456556759e-01
6.8184218236199357e-02 1.2325089519013856e-01
5.7860970918018145e-02 -4.1236145545173075e-02
4.9931478863719125e-02 -4.1452303868252501e-02
4.2982589279854523e-02 -4.1248411118639833e-02
3.6416393764648246e-02 -4.0727841826873272e-02
3.0110200300370343e-02 -3.9847114555218138e-02
2.4119244760620506e-02 -3.8556601048382246e-02
1.8551748740336025e-02 -3.6892898218913756e-02
1.3843746015288746e-02 -3.4702174799428720e-02
1.0034364231449346e-02 -3.2453787711905845e-02
7.0337089364000812e-03 -3.0222431322082789e-02
4.6317124828931071e-03 -2.7830801792899745e-02
2.5766842704234814e-03 -2.5299584155801524e-02
7.0108912612810905e-04 -2.2718859020688636e-02
-7.2474066868859015e-04 -1.9913067719599675e-02
-1.7814321623749075e-03 -1.6935208019481906e-02
-2.7735459119104904e-03 -1.3926621831460253e-02
-3.5083920364923685e-03 -1.0817842476698971e-02
-3.9349313539995849e-03 -7.5704425491422908e-03
-4.1917423598911803e-03 -4.2138201246368313e-03
-4.3025695496927965e-03 -7.8667028951799991e-04
-4.2712310933701782e-03 2.6739274252811848e-03
-4.1143947804881415e-03 6.1509590028926446e-03
-3.8314369457388463e-03 9.6330944831663681e-03
-3.4238489912282780e-03 1.3133693326320606e-02
-2.9013319679426774e-03 1.6672894194860236e-02
-2.2646811479116271e-03 2.0257344655836486e-02
-1.5113105622037960e-03 2.3872058894705499e-02
-6.5411939878034955e-04 2.7492479157923959e-02
3.0143887156900464e-04 3.1107113125740330e-02
1.3524183340116608e-03 3.4706788277703994e-02
2.5104616054247826e-03 3.8299012356038144e-02
3.7913477677298433e-03 4.1900978709838291e-02
5.1960508907342674e-03 4.5537072969762948e-02
6.7214814796460473e-03 4.9209574234808526e-02
8.3620183082155613e-03 5.2896788691161406e-02
1.0106981440798034e-02 5.6569790950436363e-02
1.1947429327342923e-02 6.0213224480907150e-02
1.3879619132557522e-02 6.3822185147285534e-02
1.5899998589591912e-02 6.7395046050970700e-02
1.8018021352005153e-02 7.0943038261509273e-02
2.0244866714163010e-02 7.4483670954647391e-02
2.2577764858363766e-02 7.8009894002819213e-02
2.5012595642390979e-02 8.1508143375296757e-02
2.7545703759021462e-02 8.4962276428389008e-02
3.0171427850739906e-02 8.8350767548509054e-02
3.2895265246077887e-02 9.1673325874682743e-02
3.5726633368467077e-02 9.4935844199903321e-02
3.8691558015064041e-02 9.8155421905905399e-02
4.1815046295939490e-02 1.0134921381079262e-01
4.5096169342787241e-02 1.0450981724956954e-01
4.8525906761918716e-02 1.0760268389528314e-01
5.2095480083249698e-02 1.1061184318232248e-01
5.5807784468452006e-02 1.1355183206816663e-01
5.9709197552689081e-02 1.1645370474088591e-01
6.3921170536702029e-02 1.1937536224103687e-01
6.8734875592426831e-02 1.2231968919570267e-01
5.8092139991477207e-02 -4.0305642583847848e-02
5.0201985348246395e-02 -4.0513317672504823e-02
4.3323901401777852e-02 -4.0338895393354994e-02
3.6807180290384378e-02 -3.9850047043728999e-02
3.0541014882214387e-02 -3.9000347803638667e-02
2.4579014134709150e-02 -3.7739225136452621e-02
1.9030510645305795e-02 -3.6099849282460413e-02
1.4330002785770171e-02 -3.3923960327042361e-02
1.0557825330969406e-02 -3.1708656301360862e-02
7.6323296648645143e-03 -2.9543418854939552e-02
5.3046144195651622e-03 -2.7230720558079999e-02
3.3035464722083654e-03 -2.4770405883775517e-02
1.4733146923609915e-03 -2.2262797001475151e-02
8.9517614567507917e-05 -1.9538857639993516e-02
-9.3974591507867144e-04 -1.6626320501875066e-02
-1.9109523688117403e-03 -1.3681266506037751e-02
-2.6285873106465531e-03 -1.0639750145442625e-02
-3.0440219865767925e-03 -7.4478894184877350e-03
-3.2939694130949371e-03 -4.1355977701969865e-03
-3.4003785031098935e-03 -7.4495154544544379e-04
-3.3660296321098926e-03 2.6799779763614631e-03
-3.2076277667994319e-03 6.1193100549911256e-03
-2.9244551938283434e-03 9.5661041508341114e-03
-2.5184684691541429e-03 1.3027116277830854e-02
-1.9979537824163767e-03 1.6535299313359619e-02
-1.3635673573985116e-03 2.0093191056077205e-02
-6.1238600778522995e-04 2.3685483010331985e-02
2.4152465419046874e-04 2.7281376886625550e-02
1.1936130224511226e-03 3.0873519893225145e-02
2.2386135827003957e-03 3.4444209408678352e-02
3.3900197965109108e-03 3.8008429466401233e-02
4.6637491646793769e-03 4.1583405791450284e-02
6.0611554092809966e-03 4.5194337455861384e-02
7.5806547640789720e-03 4.8846734093022585e-02
9.2150949892414371e-03 5.2514572497775518e-02
1.0952877093532728e-02 5.6166877324841075e-02
1.2785360896105415e-02 5.9789139471290609e-02
1.4708619183436364e-02 6.3376212306884769e-02
1.6717844079977097e-02 6.6924431007736054e-02
1.8824404584063075e-02 7.0448668400171582e-02
2.1040874541305848e-02 7.3968468976154181e-02
2.3363751401095704e-02 7.7475287767571677e-02
2.5788609095772151e-02 8.0954930122354260e-02
2.8311596604396288e-02 8.4390859622006001e-02
3.0924041196197571e-02 8.7757607438714774e-02
3.3632433914593994e-02 9.1056586371810355e-02
3.6445700239938275e-02 9.4293441809404244e-02
3.9391886131343090e-02 9.7487766010104088e-02
4.2499909803674109e-02 1.0066054772042946e-01
4.5765611746359916e-02 1.0380072429546922e-01
4.9180213258687377e-02 1.0687390223321690e-01
5.2728317309219487e-02 1.0985866772661372e-01
5.6413178334136324e-02 1.1277217761185476e-01
6.0280897400666958e-02 1.1564524837384095e-01
6.4447899322261956e-02 1.1853801348918430e-01
6.9225636165668597e-02 1.2148352197938644e-01
5.8266792938169831e-02 -3.9462817887241083e-02
5.0416399908829006e-02 -3.9665349099962423e-02
4.3595194486633300e-02 -3.9511733793024237e-02
3.7134829692430600e-02 -3.9052189911202989e-02
3.0902669598597252e-02 -3.8226174018647308e-02
2.4971173947315864e-02 -3.6990358983617494e-02
1.9434155323095847e-02 -3.5366802946468594e-02
1.4754970323251248e-02 -3.3210698916562802e-02
1.1016323177696923e-02 -3.1022792202175579e-02
8.1664366931198645e-03 -2.8919997955556800e-02
5.9156854073513501e-03 -2.6686605841138057e-02
3.9593935133592443e-03 -2.4284361553940498e-02
2.1735504693314407e-03 -2.1846526649922066e-02
8.3041351978948002e-04 -1.9201495603295399e-02
-1.7391462455677655e-04 -1.6349215093471665e-02
-1.1271346836312646e-03 -1.3459448933129071e-02
-1.8284661908834340e-03 -1.0483511325437867e-02
-2.2340261295207857e-03 -7.3451963583345626e-03
-2.4787225636167930e-03 -4.0699348409732970e-03
-2.5816651993962880e-03 -7.1197528828777104e-04
-2.5450981676802455e-03 2.6777732368796084e-03
-2.3857368499819419e-03 6.0874495769903548e-03
-2.1031545501337210e-03 9.4980273701981022e-03
-1.6984411051092108e-03 1.2930142457583898e-02
-1.1807501857368093e-03 1.6405950657340504e-02
-5.4871484201538142e-04 1.9940744937555897e-02
2.0004594442881124e-04 2.3512722254777040e-02
1.0507834597529295e-03 2.7087432803572852e-02
1.9989556017119209e-03 3.0657843719581215e-02
3.0387156784898802e-03 3.4204490560128156e-02
4.1834763376473244e-03 3.7742699345278720e-02
5.4496881567542028e-03 4.1291672204496102e-02
6.8414906735015856e-03 4.4883617996762534e-02
8.3551177558091345e-03 4.8517565054146221e-02
9.9827786992697943e-03 5.2165995846265613e-02
1.1714091468856949e-02 5.5800643754491557e-02
1.3539882868793176e-02 5.9405686120013908e-02
1.5453577720404944e-02 6.2971024110076004e-02
1.7453745993221161e-02 6.6499664536261507e-02
1.9548738389840850e-02 7.0001214167973114e-02
2.1756026569549423e-02 7.3503287556601626e-02
2.4069072783930830e-02 7.6992181769611284e-02
2.6484362180449965e-02 8.0455003899639638e-02
2.8998920221705634e-02 8.3876225386064193e-02
3.1598732414103409e-02 8.7223278647200572e-02
3.4292445344044659e-02 9.0500894222272976e-02
3.7088867346612958e-02 9.3714885482810290e-02
4.0019442336259897e-02 9.6888687790845862e-02
4.3113126876978318e-02 1.0004297039124783e-01
4.6366427643335741e-02 1.0316703689204354e-01
4.9762522358131729e-02 1.0621894777227342e-01
5.3291956038789834e-02 1.0918337870689797e-01
5.6953047154264733e-02 1.1207458508457821e-01
6.0788180865661130e-02 1.1492083038423638e-01
6.4917878112966662e-02 1.1778966944416765e-01
6.9664062669519883e-02 1.2073330827128544e-01
5.8397631055263632e-02 -3.8700595070235981e-02
5.0564598266320412e-02 -3.8896433358262081e-02
4.3808344620999251e-02 -3.8761483495750870e-02
3.7385084181794280e-02 -3.8319339767177121e-02
3.1189878271643032e-02 -3.7513206058640121e-02
2.5290253567144996e-02 -3.6298286712924746e-02
1.9778890128945879e-02 -3.4694103366108640e-02
1.5126973785887706e-02 -3.2558071457686924e-02
1.1427376423866429e-02 -3.0398566411709068e-02
8.6479483815202398e-03 -2.8352198684657954e-02
6.4634556647593967e-03 -2.6185327394235607e-02
4.5535334661913288e-03 -2.3841279715194126e-02
2.8078922124924448e-03 -2.1465566465452651e-02
1.5055538675972067e-03 -1.8899613914812773e-02
5.2328730691404311e-04 -1.6101797956234544e-02
-4.1432275128212170e-04 -1.3260984909585428e-02
-1.1004836469389876e-03 -1.0348574351613219e-02
-1.4981353437507399e-03 -7.2560163017928725e-03
-1.7381610610748526e-03 -4.0192277004392381e-03
-1.8387250482803687e-03 -6.8661763151021341e-04
-1.8006150645890270e-03 2.6741156718993204e-03
-1.6408970542512915e-03 6.0531370299184220e-03
-1.3588804596387947e-03 9.4369106432729919e-03
-9.5740397275990519e-04 1.2828634541698049e-02
-4.4136071665029809e-04 1.6285527125299609e-02
1.8788066592580760e-04 1.9798043641615491e-02
9.3464258281826540e-04 2.3354496108922224e-02
1.7817728025158062e-03 2.6908460543296479e-02
2.7270105952823683e-03 3.0462951205960338e-02
3.7605783898625464e-03 3.3984006872531052e-02
4.8992838486700170e-03 3.7499849337134676e-02
6.1612407056392685e-03 4.1033319371009527e-02
7.5445079945285235e-03 4.4599807011695254e-02
9.0528746178274964e-03 4.8218151012031911e-02
1.0674636706350412e-02 5.1850412363338400e-02
1.2398749882282244e-02 5.5467073720225447e-02
1.4218236814666656e-02 5.9056907542655079e-02
1.6126691041120994e-02 6.2609732066284243e-02
1.8114539137320994e-02 6.6113917569450703e-02
2.0200129896480585e-02 6.9597476946042694e-02
2.2398643830311413e-02 7.3083450037565736e-02
2.4702642501597608e-02 7.6556563875166919e-02
2.7109054674477221e-02 8.0004509443957691e-02
2.9615540730138768e-02 8.3412480784692503e-02
3.2203355112039339e-02 8.6741688148546783e-02
3.4883492813073465e-02 9.0000364422882076e-02
3.7667274098118715e-02 9.3197334190404310e-02
4.0580722571047459e-02 9.6350031305713429e-02
4.3659009101336597e-02 9.9486004534321965e-02
4.6897830861678702e-02 1.0259339475007305e-01
5.0281923499547437e-02 1.0563141194842052e-01
5.3792694319607447e-02 1.0857688227165421e-01
5.7435791056645827e-02 1.1145143529849633e-01
6.1248303692228882e-02 1.1427879974759932e-01
6.5339592710527625e-02 1.1712236319549287e-01
7.0055321962690070e-02 1.2006009919080041e-01
5.8469980548034761e-02 -3.8010695377526243e-02
5.0674145936121871e-02 -3.8204226914161504e-02
4.3953264473859638e-02 -3.8077691679032619e-02
3.7581988406268224e-02 -3.7652741855717285e-02
3.1425618280226129e-02 -3.6863398897037415e-02
2.5558970846065818e-02 -3.5666154751497474e-02
2.0056029957057735e-02 -3.4070018636875941e-02
1.5452440084412445e-02 -3.1961383251128669e-02
1.1786711141787873e-02 -2.9824635377541295e-02
9.0706228623858454e-03 -2.7825719530214010e-02
6.9750118531605003e-03 -2.5746716293855720e-02
5.0895485680104895e-03 -2.3434431806975173e-02
3.3823975299242760e-03 -2.1116752743831717e-02
2.1221425885708705e-03 -1.8632781242148871e-02
1.1579159952277204e-03 -1.5880790579385691e-02
2.3081758244051858e-04 -1.3072541218536213e-02
-4.3833753425487001e-04 -1.0231562104983161e-02
-8.2894226372258147e-04 -7.1843948980368109e-03
-1.0658262159759049e-03 -3.9763735166249972e-03
-1.1645416773892908e-03 -6.6900598483105836e-04
-1.1255616602478219e-03 2.6616133351068686e-03
-9.6584252541183509e-04 6.0187865281275416e-03
-6.8519828559072873e-04 9.3729683943207989e-03
-2.8424183873536525e-04 1.2752276105533580e-02
2.2857921333718732e-04 1.6179480205395495e-02
8.5394685145029239e-04 1.9665821428449883e-02
1.5984077089513057e-03 2.3207526292635762e-02
2.4420759760310387e-03 2.6743492929607461e-02
3.3838925589966267e-03 3.0282011472958007e-02
4.4147098325322594e-03 3.3790792492508756e-02
5.5448079577240005e-03 3.7277294337803010e-02
6.8004666438338923e-03 4.0791156629099483e-02
8.1790769307089842e-03 4.4343631288813794e-02
9.6820799040022963e-03 4.7947133446244614e-02
1.1299893862933544e-02 5.1568545531332548e-02
1.3018300826228931e-02 5.5171079002336476e-02
1.4829616250563935e-02 5.8742644632261240e-02
1.6729279442526591e-02 6.2277291155391906e-02
1.8709711447458911e-02 6.5766777025282511e-02
2.0789253464335571e-02 6.9238616617104121e-02
2.2980403721794468e-02 7.2711228818339857e-02
2.5275547318849727e-02 7.6169336892263434e-02
2.7673435675064400e-02 7.9603454336704974e-02
3.0173825115315286e-02 8.3001449716777448e-02
3.2750279933718852e-02 8.6314105169983002e-02
3.5417828267952159e-02 8.9555555280046231e-02
3.8182116755701732e-02 9.2728453457186305e-02
4.1084996050105883e-02 9.5868078987183983e-02
4.4156213953237822e-02 9.8994956797871556e-02
4.7384602576504661e-02 1.0209007632557632e-01
5.0749028120617407e-02 1.0510778084195631e-01
5.4244372755132629e-02 1.0803790496991700e-01
5.7863408850566525e-02 1.1089166750549040e-01
6.1652566822840545e-02 1.1370062748206480e-01
6.5716235217049029e-02 1.1652621362121210e-01
7.0404758663329153e-02 1.1945605786147195e-01
5.8522025019944690e-02 -3.7389390103083564e-02
5.0711084894455249e-02 -3.7577782207227101e-02
4.4063143397911703e-02 -3.7461241509109421e-02
3.7700109425728795e-02 -3.7039884198133186e-02
3.1585238476167676e-02 -3.6262356612229645e-02
2.5752462466594305e-02 -3.5077860669642767e-02
2.0290554019720925e-02 -3.3499542793184851e-02
1.5741669990814278e-02 -3.1418688045266471e-02
1.2116513977808975e-02 -2.9307375625089425e-02
9.4746503604075955e-03 -2.7365627156060186e-02
7.4214880828484030e-03 -2.5328880219991513e-02
5.5792564865737547e-03 -2.3069078425974294e-02
3.8959654176660219e-03 -2.0786683887382449e-02
2.6872234369694982e-03 -1.8402123243947587e-02
1.7380360507598723e-03 -1.5690792618468761e-02
8.1898848038064616e-04 -1.2908988026312405e-02
1.6217126106166110e-04 -1.0120621976982085e-02
-2.2230133124092228e-04 -7.1115354932676242e-03
-4.5577301397294696e-04 -3.9357039960142663e-03
-5.5270708718962362e-04 -6.6354910112218358e-04
-5.1358923075259352e-04 2.6415279417825485e-03
-3.5464383800129566e-04 5.9751388307808830e-03
-7.3744745473809897e-05 9.3268736489024503e-03
3.2146761619521191e-04 1.2653572714691178e-02
8.3322798615989633e-04 1.6071917828116230e-02
1.4576392780544579e-03 1.9550554823139839e-02
2.2003267948205083e-03 2.3081192813365924e-02
3.0404983767195223e-03 2.6599497372140114e-02
3.9798283296376127e-03 3.0126384638505262e-02
5.0012730417571165e-03 3.3601412666006941e-02
6.1293757388851148e-03 3.7080493934322376e-02
7.3839378566318854e-03 4.0589814280558231e-02
8.7527347249601005e-03 4.4114575979218362e-02
1.0251265011305679e-02 4.7706023970749044e-02
1.1857982425943395e-02 5.1301699860183292e-02
1.3569045343960534e-02 5.4888379369126099e-02
1.5381261922787066e-02 5.8460711376344232e-02
1.7279204668055683e-02 6.1991040944567137e-02
1.9245668443369911e-02 6.5454192132271841e-02
2.1310714664255759e-02 6.8901511920615083e-02
2.3494402573032962e-02 7.2361982617933543e-02
2.5780839105464987e-02 7.5806752093645138e-02
2.8170276105033726e-02 7.9228520981102099e-02
3.0664345865108335e-02 8.2617421409783356e-02
3.3229232415027093e-02 8.5914862088169688e-02
3.5884070139280751e-02 8.9140636857410332e-02
3.8650325541990944e-02 9.2314794583095744e-02
4.1538890983227834e-02 9.5437756752364197e-02
4.4582947662554863e-02 9.8536628892672520e-02
4.7798116751291267e-02 1.0161869513358050e-01
5.1149999575542525e-02 1.0462456631886552e-01
5.4628277475105319e-02 1.0753989099487393e-01
5.8248768509293496e-02 1.1039392982061778e-01
6.2023498877664722e-02 1.1319126136221386e-01
6.6055073552338098e-02 1.1599519120532419e-01
7.0715705755572053e-02 1.1891363359492618e-01
5.8499263404489681e-02 -3.6831201330670894e-02
5.0732455887561853e-02 -3.7016574693856864e-02
4.4093955387528277e-02 -3.6900792314688069e-02
3.7788369222362027e-02 -3.6486686140246229e-02
3.1717875042688214e-02 -3.5719059004301619e-02
2.5917171715345012e-02 -3.4544541699490679e-02
2.0478284808581076e-02 -3.2974918955075018e-02
1.5992162284907054e-02 -3.0921854798232312e-02
1.2399064974041940e-02 -2.8828770291970809e-02
9.8232654687779863e-03 -2.6933392717929477e-02
7.8638112001209893e-03 -2.4993555134556016e-02
6.0188215827109374e-03 -2.2730680024776594e-02
4.3781095921251508e-03 -2.0512706718412346e-02
3.2029515687771503e-03 -1.8198519195596445e-02
2.2650086392727539e-03 -1.5518239918172529e-02
1.3489856201061223e-03 -1.2745861648157884e-02
7.0795085152335990e-04 -1.0022090998784200e-02
3.3195162702535507e-04 -7.0867856131575611e-03
9.9188326003504627e-05 -3.9356362796969359e-03
2.3581100088239295e-06 -6.5735333456275907e-04
4.1360971715396350e-05 2.6221989605963352e-03
1.9960455774953838e-04 5.9382375260116985e-03
4.7613222542093077e-04 9.2464987076283540e-03
8.7282305651868123e-04 1.2582829041254425e-02
1.3824140717369404e-03 1.5984735852471413e-02
2.0045725299646057e-03 1.9449164742868161e-02
2.7366961709493691e-03 2.2932923211772364e-02
3.5825988101076864e-03 2.6473139489636598e-02
4.5086376718688906e-03 2.9951874035095243e-02
5.5355394244984771e-03 3.3443884868004876e-02
6.6585779938015694e-03 3.6906153089639571e-02
7.8967997922947935e-03 4.0371422249440521e-02
9.2727433849045041e-03 4.3913429189692689e-02
1.0767125796685843e-02 4.7493968971039052e-02
1.2366723530973069e-02 5.1072612749035698e-02
1.4072035705136475e-02 5.4646479821688999e-02
1.5881865924759882e-02 5.8213487252633110e-02
1.7756792593155320e-02 6.1701372657470194e-02
1.9732164147506906e-02 6.5179444434728909e-02
2.1787960294624674e-02 6.8610593552499516e-02
2.3965477776281000e-02 7.2060791795261578e-02
2.6244044814824487e-02 7.5493219964517369e-02
2.8625896719607441e-02 7.8903693454274323e-02
3.1115531875688680e-02 8.2286077857976009e-02
3.3669918351048655e-02 8.5569294015848743e-02
3.6313661048177327e-02 8.8780976298559536e-02
3.9073250122565739e-02 9.1946924455924103e-02
4.1952571366571788e-02 9.5059080474046181e-02
4.4980237853652412e-02 9.8140320247673760e-02
4.8185621952787819e-02 1.0121233365858619e-01
5.1521136913545262e-02 1.0420272792509522e-01
5.4985441831368990e-02 1.0710566895359280e-01
5.8598054417960524e-02 1.0995298997649963e-01
6.2358278293423774e-02 1.1273888236499101e-01
6.6364412638914433e-02 1.1552514098347806e-01
7.0995527471781811e-02 1.1842849720351567e-01
