7.0238546491614939e-01 -5.4800232511068636e-01
7.0511738578356353e-01 -5.4316460548184375e-01
7.0685658278098451e-01 -5.3811972722180501e-01
7.0832823150726298e-01 -5.3249253161128396e-01
7.0914377529923600e-01 -5.2778977667715243e-01
7.0972818899745771e-01 -5.2319837286992665e-01
7.1014351928124686e-01 -5.1868216472235917e-01
7.1042221407784734e-01 -5.1421183051634256e-01
7.1058383904869193e-01 -5.0976336226880403e-01
7.1064156090265462e-01 -5.0531662780161102e-01
7.1060486256102462e-01 -5.0085468117196319e-01
7.1048130203042481e-01 -4.9636317246587275e-01
7.1027700794793258e-01 -4.9183006080006864e-01
7.0999635100548364e-01 -4.8724515916348665e-01
7.0964191083857875e-01 -4.8260007025852247e-01
7.0921526166500937e-01 -4.7788806087280356e-01
7.0871773337622757e-01 -4.7310402409375774e-01
7.0815111268002728e-01 -4.6824421145893352e-01
7.0751778426908540e-01 -4.6330598090384323e-01
7.0681985247497003e-01 -4.5828737514362344e-01
7.0605951412730805e-01 -4.5318685616565946e-01
7.0523850855380998e-01 -4.4800291244950197e-01
7.0435783510898919e-01 -4.4273379146110259e-01
7.0341751382010687e-01 -4.3737723042892829e-01
7.0241776718813020e-01 -4.3193027146960750e-01
7.0136009222518081e-01 -4.2638908770593614e-01
7.0024461209789779e-01 -4.2074912322978070e-01
6.9907219066466075e-01 -4.1500520027495413e-01
6.9784385530185955e-01 -4.0915183283258383e-01
6.9655880442866391e-01 -4.0318382136895436e-01
6.9521637690612859e-01 -3.9709660968880522e-01
6.9381592085700705e-01 -3.9088683486000764e-01
6.9235774616272205e-01 -3.8455267977891816e-01
6.9084278908997276e-01 -3.7809428619812480e-01
6.8927280104900790e-01 -3.7151387480496623e-01
6.8765106335427839e-01 -3.6481563929415384e-01
6.8598117248485413e-01 -3.5800550765331396e-01
6.8426626714028771e-01 -3.5109069285363814e-01
6.8250929901015067e-01 -3.4407893279328838e-01
6.8071346841664093e-01 -3.3697767907995202e-01
6.7888291920150723e-01 -3.2979325638481505e-01
6.7702220402913427e-01 -3.2253022717227120e-01
6.7513599147821313e-01 -3.1519081672521421e-01
6.7322959714090147e-01 -3.0777426107115979e-01
6.7130773073417771e-01 -3.0027636767992605e-01
6.6937379597192193e-01 -2.9268880417739312e-01
6.6743032721267281e-01 -2.8499815783732024e-01
6.6547731619851980e-01 -2.7718458240371324e-01
6.6351277992700619e-01 -2.6921969156936576e-01
6.6152803882134159e-01 -2.6106318793173955e-01
6.5950213960873949e-01 -2.5265681675956098e-01
6.5738419317667240e-01 -2.4391149840678947e-01
6.5502318452580732e-01 -2.3467738545512740e-01
6.5175392176242330e-01 -2.2293225505090902e-01
6.4828905537509329e-01 -2.1194642583318821e-01
6.4362080828204093e-01 -2.0016956822638976e-01
6.9428133448831630e-01 -5.4390679871448011e-01
6.9818718503601285e-01 -5.4001089812844461e-01
6.9982632683767798e-01 -5.3518593166034345e-01
7.0095185392643566e-01 -5.3034106066400799e-01
7.0171983996380782e-01 -5.2572694976712409e-01
7.0223043331239343e-01 -5.2123656032289989e-01
7.0255801171709298e-01 -5.1683202083843149e-01
7.0273817259077098e-01 -5.1248096271836319e-01
7.0279242998290470e-01 -5.0815703071462248e-01
7.0273587597060305e-01 -5.0383850490526816e-01
7.0258015769252269e-01 -4.9950723068866776e-01
7.0233504942613245e-01 -4.9514798917424441e-01
7.0200895051371470e-01 -4.9074789047000411e-01
7.0160752145980798e-01 -4.8629594211962568e-01
7.0113368847483326e-01 -4.8178280534390572e-01
7.0058871879040552e-01 -4.7720098858152521e-01
6.9997363259411527e-01 -4.7254464461023549e-01
6.9929025436892667e-01 -4.6780953713477841e-01
6.9854152968759198e-01 -4.6299252175045030e-01
6.9772974626906370e-01 -4.5809127011843070e-01
6.9685747759888017e-01 -4.5310382724758952e-01
6.9592658401971630e-01 -4.4802836862556894e-01
6.9493778204317547e-01 -4.4286279056720707e-01
6.9389019709870359e-01 -4.3760457226694266e-01
6.9278349214050106e-01 -4.3225048279309869e-01
6.9161994998178211e-01 -4.2679638143076304e-01
6.9039915082941550e-01 -4.2123742628952504e-01
6.8912233238787823e-01 -4.1556809200205297e-01
6.8779107720716448e-01 -4.0978254371664419e-01
6.8640368915985450e-01 -4.0387532848232205e-01
6.8495880713117063e-01 -3.9784173360733904e-01
6.8345499783013175e-01 -3.9167831006288567e-01
6.8189234557091893e-01 -3.8538329414712724e-01
6.8027166257561555e-01 -3.7895700814018024e-01
6.7859474788325203e-01 -3.7240207561734046e-01
6.7686572751517449e-01 -3.6572316383064735e-01
6.7508882142003901e-01 -3.5892685336707886e-01
6.7326703494215678e-01 -3.5202110452736290e-01
6.7140273024172681e-01 -3.4501439934063749e-01
6.6949839224609187e-01 -3.3791475567314622e-01
6.6755782781979867e-01 -3.3072876620603736e-01
6.6558513247221285e-01 -3.2346093860924358e-01
6.6358412515764309e-01 -3.1611309489744255e-01
6.6155951152710946e-01 -3.0868359342956819e-01
6.5951461869109129e-01 -3.0116686836253115e-01
6.5745057322421829e-01 -2.9355262219727757e-01
6.5536739697545376e-01 -2.8582449549515981e-01
6.5326195370003892e-01 -2.7795849050189642e-01
6.5113007081205532e-01 -2.6991993016881649e-01
6.4896069890462038e-01 -2.6165929511969344e-01
6.4672967984031071e-01 -2.5310371362056994e-01
6.4437556451924793e-01 -2.4413949835182247e-01
6.4168080871679234e-01 -2.3456911200709180e-01
6.3872366366391364e-01 -2.2409852353141024e-01
6.3516373481480726e-01 -2.1326160348090042e-01
6.2772405444741919e-01 -2.0221131284826238e-01
6.8866229148850244e-01 -5.4055718095957495e-01
6.9225463857907321e-01 -5.3700275255823637e-01
6.9365094651763182e-01 -5.3242584302079932e-01
6.9457232306994066e-01 -5.2788419431141276e-01
6.9520255807448061e-01 -5.2346752100543159e-01
6.9559779361931129e-01 -5.1914606329885982e-01
6.9581569923161635e-01 -5.1489775753098477e-01
6.9588596285754722e-01 -5.1069677035888328e-01
6.9582816349747778e-01 -5.0651955927027514e-01
6.9565734076896180e-01 -5.0234588945106018e-01
6.9538597157322379e-01 -4.9815828452881306e-01
6.9502526788839836e-01 -4.9394181070882898e-01
6.9458546314448566e-01 -4.8968362419678763e-01
6.9407312492206941e-01 -4.8537227912966685e-01
6.9349104977814768e-01 -4.8099790832715017e-01
6.9283981203696832e-01 -4.7655227932363614e-01
6.9211988076412423e-01 -4.7202910926968311e-01
6.9133299653278069e-01 -4.6742360571257918e-01
6.9048280007267004e-01 -4.6273236702982418e-01
6.8957151616764156e-01 -4.5795258717497561e-01
6.8860206036840943e-01 -4.5308209931595611e-01
6.8757639043123175e-01 -4.4811872414231946e-01
6.8649495105116320e-01 -4.4306020859277784e-01
6.8535560098533566e-01 -4.3790385906397611e-01
6.8415731032280380e-01 -4.3264638882286333e-01
6.8290373708582741e-01 -4.2728341142925913e-01
6.8159342664164801e-01 -4.2181000109212474e-01
6.8022794780549412e-01 -4.1622045374002370e-01
6.7881005317777843e-01 -4.1050860172004489e-01
6.7733655774210810e-01 -4.0466896736538893e-01
6.7580557102700578e-01 -3.9869667845585599e-01
6.7421470513553361e-01 -3.9258829486093666e-01
6.7256398158539643e-01 -3.8634199138929010e-01
6.7085405520440200e-01 -3.7995828961026223e-01
6.6908656278040179e-01 -3.7344020261771821e-01
6.6726673370631540e-01 -3.6679288187497083e-01
6.6539950857718366e-01 -3.6002356002518210e-01
6.6348764983394670e-01 -3.5314104717300943e-01
6.6153285519771565e-01 -3.4615461185769225e-01
6.5953679534891019e-01 -3.3907287906284062e-01
6.5750313979682717e-01 -3.3190266892116504e-01
6.5543566407167975e-01 -3.2464852845386200e-01
6.5333726123117875e-01 -3.1731219700314378e-01
6.5121249158914418e-01 -3.0989165305659011e-01
6.4906359334400321e-01 -3.0238086092610150e-01
6.4688960444580312e-01 -2.9476904577586027e-01
6.4468876589389190e-01 -2.8703907725984257e-01
6.4245510462086131e-01 -2.7916635496557318e-01
6.4018385321178306e-01 -2.7111556226481032e-01
6.3786347178450764e-01 -2.6283824632090613e-01
6.3547168854791403e-01 -2.5426795591270523e-01
6.3295499124371413e-01 -2.4531631171695131e-01
6.3013397049437780e-01 -2.3588600141363031e-01
6.2708781404838698e-01 -2.2586291292498512e-01
6.2348146410893790e-01 -2.1533284148423421e-01
6.1620617314737858e-01 -2.0497349493831596e-01
6.8308862254193159e-01 -5.3700702591944827e-01
6.8698234212790610e-01 -5.3408919278766442e-01
6.8815524210788570e-01 -5.2973081164774261e-01
6.8890299437413882e-01 -5.2541505983125014e-01
6.8939266176913605e-01 -5.2119870309653715e-01
6.8966738728244958e-01 -5.1706104439442735e-01
6.8977287031654089e-01 -5.1298481429040788e-01
6.8973375014273064e-01 -5.0894751898035562e-01
6.8956734843695477e-01 -5.0492829079701007e-01
6.8928822799096978e-01 -5.0090842652648770e-01
6.8890916982545314e-01 -4.9687163705994253e-01
6.8844236218307309e-01 -4.9280353221345791e-01
6.8789941561362344e-01 -4.8869152103402574e-01
6.8728750101217140e-01 -4.8452398499445842e-01
6.8660917591706194e-01 -4.8029054063859905e-01
6.8586426445831505e-01 -4.7598257652102316e-01
6.8505266453803626e-01 -4.7159325237933464e-01
6.8417592162970942e-01 -4.6711757861423975e-01
6.8323819561997745e-01 -4.6255168579326339e-01
6.8224155738212189e-01 -4.5789265073639268e-01
6.8118914152755039e-01 -4.5313794306166832e-01
6.8008291620317352e-01 -4.4828536098424115e-01
6.7892302840270635e-01 -4.4333245346370287e-01
6.7770619752998595e-01 -4.3827664435801927e-01
6.7643075491494153e-01 -4.3311463865001337e-01
6.7510151044438771e-01 -4.2784194747064702e-01
6.7371609587384673e-01 -4.2245373748874609e-01
6.7227634617115206e-01 -4.1694426194910111e-01
6.7078600828995971e-01 -4.1130721305972517e-01
6.6924060135255048e-01 -4.0553716531731709e-01
6.6763776995390300e-01 -3.9962921782371430e-01
6.6597427360961570e-01 -3.9357982373146044e-01
6.6425005691583605e-01 -3.8738708478737394e-01
6.6246560928222642e-01 -3.8105158216738999e-01
6.6062243221606509e-01 -3.7457678568989794e-01
6.5872670919205334e-01 -3.6796833966553905e-01
6.5678402858721352e-01 -3.6123423572817359e-01
6.5479697265284764e-01 -3.5438416005203022e-01
6.5276668856578668e-01 -3.4742813090189473e-01
6.5069414959092831e-01 -3.4037525458974455e-01
6.4858289745504916e-01 -3.3323247644822274e-01
6.4643642936010670e-01 -3.2600438475338100e-01
6.4425687817362254e-01 -3.1869293787044528e-01
6.4204872015342473e-01 -3.1129616073573307e-01
6.3981335391790661e-01 -3.0380837666953797e-01
6.3754814753230404e-01 -2.9621935234700197e-01
6.3525000621518890e-01 -2.8851277624103550e-01
6.3291080229075558e-01 -2.8066556089266320e-01
6.3052569237200751e-01 -2.7264487290701550e-01
6.2808341010896951e-01 -2.6440731931941325e-01
6.2556445342570655e-01 -2.5589677925694887e-01
6.2292372986238509e-01 -2.4704553081209479e-01
6.2001317084806240e-01 -2.3779475742738140e-01
6.1689514658299438e-01 -2.2804621488180107e-01
6.1326913889759205e-01 -2.1780455708594817e-01
6.0491480100204154e-01 -2.0823597064325061e-01
6.7902441689171344e-01 -5.3417644211303905e-01
6.8229097773386160e-01 -5.3130747173884219e-01
6.8324924692873101e-01 -5.2715971451752786e-01
6.8383264939133337e-01 -5.2305341390186277e-01
6.8418498580928766e-01 -5.1903361207358234e-01
6.8434086225458912e-01 -5.1508170855607960e-01
6.8433665533718824e-01 -5.1118116337268527e-01
6.8419251249883617e-01 -5.0731176423697977e-01
6.8392377730395260e-01 -5.0345407323091196e-01
6.8354425921048156e-01 -4.9959102379579801e-01
6.8306688047889386e-01 -4.9570698062674995e-01
6.8250443905671021e-01 -4.9178821969812775e-01
6.8186959586258711e-01 -4.8782219449450920e-01
6.8116987680270003e-01 -4.8379713455869666e-01
6.8040746572554311e-01 -4.7970233505716026e-01
6.7958141113912574e-01 -4.7552876695258789e-01
6.7869097037089021e-01 -4.7126943044831004e-01
6.7773742855779517e-01 -4.6691895151074925e-01
6.7672528253892117e-01 -4.6247342196411095e-01
6.7565639413448730e-01 -4.5792960394173243e-01
6.7453401274704228e-01 -4.5328506974702526e-01
6.7336005706000635e-01 -4.4853744698081188e-01
6.7213437819824695e-01 -4.4368447242587428e-01
6.7085267693320438e-01 -4.3872362377426083e-01
6.6951271726656325e-01 -4.3365182268242120e-01
6.6812027343354252e-01 -4.2846446119054410e-01
6.6667218807953699e-01 -4.2315698398066842e-01
6.6517053184543851e-01 -4.1772381670251552e-01
6.6361990565944207e-01 -4.1215861436588047e-01
6.6201473881064776e-01 -4.0645625731620577e-01
6.6035225846327861e-01 -4.0061171308282473e-01
6.5862848055304546e-01 -3.9462133264352678e-01
6.5684323145212076e-01 -3.8848286375258700e-01
6.5499684379470224e-01 -3.8219692709438657e-01
6.5309070328814578e-01 -3.7576741402570352e-01
6.5113185385280625e-01 -3.6920064907158173e-01
6.4912648887951319e-01 -3.6250551592510738e-01
6.4707707997208419e-01 -3.5569262623575604e-01
6.4498431070411077e-01 -3.4877260704014773e-01
6.4284853123851060e-01 -3.4175478068331133e-01
6.4067313373042778e-01 -3.3464596967409782e-01
6.3846137065244890e-01 -3.2745078028148517e-01
6.3621475975426267e-01 -3.2017155054953955e-01
6.3393779719742127e-01 -3.1280684097816963e-01
6.3163126100210298e-01 -3.0535174656344322e-01
6.2929126383259559e-01 -2.9779731591416553e-01
6.2691371713520383e-01 -2.9012851644619175e-01
6.2448895212540745e-01 -2.8232474876412111e-01
6.2201238389380942e-01 -2.7435623339890730e-01
6.1947352709818371e-01 -2.6618519874690927e-01
6.1685572848295211e-01 -2.5776371667238507e-01
6.1412111389006552e-01 -2.4903617423550478e-01
6.1114617712867325e-01 -2.3995742269800324e-01
6.0797593644562342e-01 -2.3043390743832387e-01
6.0435094477742413e-01 -2.2045331279092220e-01
5.9681096234242792e-01 -2.1115678536756383e-01
6.7535205701773326e-01 -5.3156859658624844e-01
6.7808314749637677e-01 -5.2872176282858985e-01
6.7884102375214561e-01 -5.2477441280631421e-01
6.7926968534495247e-01 -5.2086776292777748e-01
6.7949151359460402e-01 -5.1703915615768148e-01
6.7953440115754782e-01 -5.1327006914386786e-01
6.7942663957686333e-01 -5.0954420234205811e-01
6.7918474371629234e-01 -5.0584201440843535e-01
6.7882204085244091e-01 -5.0214561434476390e-01
6.7835174726977410e-01 -4.9843842508695702e-01
6.7778663258415639e-01 -4.9470568813878707e-01
6.7713996479172733e-01 -4.9093361222936732e-01
6.7642509011042773e-01 -4.8710983376072892e-01
6.7564969159722299e-01 -4.8322223411620890e-01
6.7481544674596627e-01 -4.7925995572484337e-01
6.7392057354539270e-01 -4.7521382288390468e-01
6.7296365897819732e-01 -4.7107667909354278e-01
6.7194564641557630e-01 -4.6684318589608353e-01
6.7087124584767610e-01 -4.6250921087571206e-01
6.6974206696767968e-01 -4.5807173845428550e-01
6.6856140776772610e-01 -4.5352827930106171e-01
6.6733111876771400e-01 -4.4887678493497835e-01
6.6605076629742377e-01 -4.4411501515276358e-01
6.6471517326800089e-01 -4.3924079717140752e-01
6.6332159452393469e-01 -4.3425111911079983e-01
6.6187662322088958e-01 -4.2914134377874219e-01
6.6037643506956156e-01 -4.2390732493794259e-01
6.5882332708920321e-01 -4.1854384996307836e-01
6.5722267488093278e-01 -4.1304484602858493e-01
6.5556799677578936e-01 -4.0740555444027737e-01
6.5385617508637484e-01 -4.0162088907657295e-01
6.5208253139421568e-01 -3.9568674303640516e-01
6.5024674298903362e-01 -3.8960033841582664e-01
6.4834895762025968e-01 -3.8336208660638377e-01
6.4639049842814778e-01 -3.7697646744606184e-01
6.4437921742922344e-01 -3.7045073094493713e-01
6.4232192070187255e-01 -3.6379493675964492e-01
6.4022104371059430e-01 -3.5702068049906965e-01
6.3807685376137224e-01 -3.5013892139863606e-01
6.3588909921344694e-01 -3.4315878960046836e-01
6.3366095908086961e-01 -3.3608660190232048e-01
6.3139544901546074e-01 -3.2892687122951875e-01
6.2909363296679355e-01 -3.2168259076790867e-01
6.2676011706933776e-01 -3.1435315214557785e-01
6.2439530835505952e-01 -3.0693494233880547e-01
6.2199433056348730e-01 -2.9942029013456223e-01
6.1955239854201849e-01 -2.9179570812216471e-01
6.1705861656830485e-01 -2.8404268494579304e-01
6.1450889335096637e-01 -2.7613463122926774e-01
6.1189364593002393e-01 -2.6803848803388719e-01
6.0919898309539466e-01 -2.5971305327597854e-01
6.0639295672969917e-01 -2.5110980550544448e-01
6.0337187569861106e-01 -2.4218884857823869e-01
6.0016566117770653e-01 -2.3285987846121559e-01
5.9655157427216110e-01 -2.2310558784764198e-01
5.8968498629135824e-01 -2.1395544784628173e-01
6.7200947603103656e-01 -5.2920277918635095e-01
6.7427938841807811e-01 -5.2637011754913021e-01
6.7485467684511724e-01 -5.2261095861367446e-01
6.7514033679863461e-01 -5.1889488618895918e-01
6.7524117767127878e-01 -5.1525081277021434e-01
6.7517931957409749e-01 -5.1166012840665220e-01
6.7497650854634461e-01 -5.0810531869565589e-01
6.7464585112880948e-01 -5.0456773808746347e-01
6.7419913338366610e-01 -5.0102959551025705e-01
6.7364874561008181e-01 -4.9747516315351903e-01
6.7300736141367390e-01 -4.9388938158984802e-01
6.7228835911758256e-01 -4.9025877541330809e-01
6.7150557101381936e-01 -4.8657047688283311e-01
6.7066656173298378e-01 -4.8281245295209579e-01
6.6977241270408483e-01 -4.7897366342867487e-01
6.6882046661086314e-01 -4.7504512391069059e-01
6.6780861845540063e-01 -4.7101977820940383e-01
6.6673743498447302e-01 -4.6689234787813261e-01
6.6561174221720321e-01 -4.6265886073454354e-01
6.6443289073655132e-01 -4.5831647037671092e-01
6.6320420938490499e-01 -4.5386315647528586e-01
6.6192747727744028e-01 -4.4929707525457085e-01
6.6060203224357361e-01 -4.4461635487231738e-01
6.5922192700841897e-01 -4.3981891469043982e-01
6.5778397873978667e-01 -4.3490186281336507e-01
6.5629545651673171e-01 -4.2986036909494540e-01
6.5475199363135161e-01 -4.2469088238018299e-01
6.5315614236694008e-01 -4.1938888335121127e-01
6.5151400068297005e-01 -4.1394881551200985e-01
6.4981838167574635e-01 -4.0836657203120280e-01
6.4806584512002163e-01 -4.0263675652083358e-01
6.4625106081278583e-01 -3.9675454486031714e-01
6.4437345255994227e-01 -3.9071608318101231e-01
6.4243296931610783e-01 -3.8452147320686103e-01
6.4043092789894807e-01 -3.7817593844620556e-01
6.3837601439448399e-01 -3.7168815684162210e-01
6.3627570918685405e-01 -3.6506978885787600e-01
6.3413247766601588e-01 -3.5833341948487302e-01
6.3194618752416598e-01 -3.5149000791237811e-01
6.2971591962001328e-01 -3.4454781638059501e-01
6.2744453645744669e-01 -3.3751219250902853e-01
6.2513481323116171e-01 -3.3038744988979429e-01
6.2278751684002043e-01 -3.2317750517599364e-01
6.2040752680844580e-01 -3.1588314377792476e-01
6.1799504703748942e-01 -3.0850218168140531e-01
6.1554448793824612e-01 -3.0102841013850301e-01
6.1305040814995571e-01 -2.9344919237668671e-01
6.1050094831586343e-01 -2.8574785996701085e-01
6.0789241948974071e-01 -2.7790005621966740e-01
6.0521634471318764e-01 -2.6987741383496761e-01
6.0246135097123932e-01 -2.6164415994184737e-01
5.9960068959025070e-01 -2.5315735266684719e-01
5.9654675543461166e-01 -2.4437811932877948e-01
5.9331628488324883e-01 -2.3521842946406424e-01
5.8971606764553353e-01 -2.2565236107806314e-01
5.8340515329920350e-01 -2.1657036224398474e-01
6.6895238744062135e-01 -5.2707844443300156e-01
6.7082166351196582e-01 -5.2426260693236015e-01
6.7123197521383393e-01 -5.2068191334922531e-01
6.7138735565806962e-01 -5.1714814825895727e-01
6.7137783517262029e-01 -5.1368233494625259e-01
6.7122101165273407e-01 -5.1026459130860546e-01
6.7093277598689283e-01 -5.0687657561753108e-01
6.7052355845173706e-01 -5.0349913794786461e-01
6.7000348736646387e-01 -5.0011502344856951e-01
6.6938434383496037e-01 -4.9670792598993779e-01
6.6867836478315124e-01 -4.9326303427788537e-01
6.6789895385506426e-01 -4.8976614051878437e-01
6.6706004021625664e-01 -4.8620453485910170e-01
6.6616893474714722e-01 -4.8256586604464263e-01
6.6522599655815451e-01 -4.7883962550582965e-01
6.6422770879643600e-01 -4.7501702999571621e-01
6.6317128220348542e-01 -4.7109146238271410e-01
6.6205690270009898e-01 -4.6705783747890001e-01
6.6088945583741454e-01 -4.6291240885729729e-01
6.5967006770342984e-01 -4.5865292908709054e-01
6.5840210310127045e-01 -4.5427790792373285e-01
6.5708732410265114e-01 -4.4978612931541873e-01
6.5572487439118143e-01 -4.4517587156866978e-01
6.5430815493304062e-01 -4.4044515562229486e-01
6.5283356160698669e-01 -4.3559080965570435e-01
6.5130891812535485e-01 -4.3060774874263341e-01
6.4972943457502497e-01 -4.2549318722190677e-01
6.4809797622928667e-01 -4.2024369429227948e-01
6.4642138610745203e-01 -4.1485475703638508e-01
6.4469194261803209e-01 -4.0932301307458085e-01
6.4290591860182200e-01 -4.0364263741795314e-01
6.4105727120381317e-01 -3.9780738848832847e-01
6.3914504777298242e-01 -3.9181181876866583e-01
6.3716893818351283e-01 -3.8565543705725158e-01
6.3513036638950338e-01 -3.7934462657261453e-01
6.3303896013453465e-01 -3.7289021820046986e-01
6.3090298033476688e-01 -3.6630598246766227e-01
6.2872500608626658e-01 -3.5960558315701069e-01
6.2650443560980817e-01 -3.5279935387959377e-01
6.2423956779183432e-01 -3.4589396521361171e-01
6.2193276363292571e-01 -3.3889308984346311e-01
6.1958656307828208e-01 -3.3180082383464665e-01
6.1720164201244787e-01 -3.2462248361468055e-01
6.1478332195635954e-01 -3.1736075252864826e-01
6.1233184242635885e-01 -3.1001532708298718e-01
6.0984099006099235e-01 -3.0258102131566134e-01
6.0730473732452872e-01 -2.9504570461921742e-01
6.0471016064476912e-01 -2.8739322483154300e-01
6.0205398216395989e-01 -2.7960119844893094e-01
5.9932877431397502e-01 -2.7164526177551646e-01
5.9652585818085346e-01 -2.6349564393907149e-01
5.9362303397509109e-01 -2.5511395174069340e-01
5.9054616334238608e-01 -2.4646121050214040e-01
5.8730004897552890e-01 -2.3744920096397290e-01
5.8371414651786169e-01 -2.2803932207152477e-01
5.7786173762584059e-01 -2.1897741947909088e-01
6.6614776226703842e-01 -5.2518525605107658e-01
6.6766627127701539e-01 -5.2239497171474958e-01
6.6792841153417470e-01 -5.1898476244847147e-01
6.6796621854016680e-01 -5.1562621589667079e-01
6.6785757130025247e-01 -5.1233231727676976e-01
6.6761605845438921e-01 -5.0908211476025800e-01
6.6725276599630778e-01 -5.0585546584965524e-01
6.6677551468039842e-01 -5.0263313858680891e-01
6.6619312507036266e-01 -4.9939701900330219e-01
6.6551648233626759e-01 -4.9613076646088405e-01
6.6475739394653188e-01 -4.9281855149285597e-01
6.6392890632620449e-01 -4.8944624143896154e-01
6.6304487744032037e-01 -4.8600055255612795e-01
6.6211213966647053e-01 -4.8246984287706884e-01
6.6113032768736535e-01 -4.7884391397155163e-01
6.6009509470231764e-01 -4.7511490742814211e-01
6.5900301951110651e-01 -4.7127645990563288e-01
6.5785393089500477e-01 -4.6732393222420365e-01
6.5665274978489963e-01 -4.6325387668370888e-01
6.5540043863239561e-01 -4.5906493042687641e-01
6.5410046018334989e-01 -4.5475657322955049e-01
6.5275461419770597e-01 -4.5032828860908780e-01
6.5136191318173864e-01 -4.4577856105900510e-01
6.4991515179964399e-01 -4.4110502084246656e-01
6.4841030039405489e-01 -4.3630387088334954e-01
6.4685559275130500e-01 -4.3136950514590910e-01
6.4524594471399821e-01 -4.2630017472148363e-01
6.4358465621821426e-01 -4.2109418520470876e-01
6.4187937296622155e-01 -4.1574859757668364e-01
6.4012203953760505e-01 -4.1026109478572093e-01
6.3830860215423513e-01 -4.0462496323835867e-01
6.3643220283199964e-01 -3.9883182073527235e-01
6.3449128549722456e-01 -3.9287373848482704e-01
6.3248522691735232e-01 -3.8674945395694255e-01
6.3041572779748856e-01 -3.8046711704711372e-01
6.2829355287043986e-01 -3.7404065527232749e-01
6.2612792460729905e-01 -3.6748667463267287e-01
6.2392156216208994e-01 -3.6081977082964845e-01
6.2167331621020283e-01 -3.5404910244703747e-01
6.1938045309036138e-01 -3.4717862089853030e-01
6.1704463325217873e-01 -3.4020968308079635e-01
6.1466815033448341e-01 -3.3314611435667113e-01
6.1225185528935255e-01 -3.2599531187600117e-01
6.0980176816037790e-01 -3.1876262737948868e-01
6.0731832515418471e-01 -3.1144980305235220e-01
6.0479484404466044e-01 -3.0405261854325277e-01
6.0222451778594166e-01 -2.9655831566198548e-01
5.9959331418768902e-01 -2.8895045840501077e-01
5.9689800619616229e-01 -2.8120728502765996e-01
5.9413248147540620e-01 -2.7330905197698430e-01
5.9129077328017687e-01 -2.6523209123784053e-01
5.8835522196946299e-01 -2.5694355482818082e-01
5.8526286410175354e-01 -2.4840333450015248e-01
5.8200795919990811e-01 -2.3952177655429893e-01
5.7843631841876353e-01 -2.3024305645916598e-01
5.7296239429969098e-01 -2.2117261364054330e-01
6.6356999844194964e-01 -5.2350778219475935e-01
6.6477982285870474e-01 -5.2075428364443310e-01
6.6490932228642186e-01 -5.1750816437807945e-01
6.6484203746032133e-01 -5.1431821043310144e-01
6.6464540124046212e-01 -5.1119025419059116e-01
6.6432974443598836e-01 -5.0810153777203471e-01
6.6390174891232479e-01 -5.0503060426969659e-01
6.6336708047194082e-01 -5.0195702594295910e-01
6.6273308800630559e-01 -4.9886225573422704e-01
6.6200982993169921e-01 -4.9572861420355119e-01
6.6120833869899642e-01 -4.9253997379642173e-01
6.6034117327423458e-01 -4.8928136791189075e-01
6.5942181925776411e-01 -4.8594009919695030e-01
6.5845657718347739e-01 -4.8250488872053748e-01
6.5744436888572044e-01 -4.7896696571500735e-01
6.5638010941652047e-01 -4.7531900946504974e-01
6.5525982676488381e-01 -4.7155535938377530e-01
6.5408300960184840e-01 -4.6767143163529878e-01
6.5285462862469501e-01 -4.6366442863930518e-01
6.5157556949198425e-01 -4.5953414450965629e-01
6.5024949373260754e-01 -4.5528151252410121e-01
6.4887832945279345e-01 -4.5090696183479417e-01
6.4746098248017336e-01 -4.4640892974437368e-01
6.4598964878068232e-01 -4.4178414655019255e-01
6.4445978425154993e-01 -4.3702749603293556e-01
6.4287988358307158e-01 -4.3213259335807974e-01
6.4124472173610125e-01 -4.2709913041398528e-01
6.3955820946424513e-01 -4.2192793555647290e-01
6.3782894064197637e-01 -4.1661846292632548e-01
6.3604868692493777e-01 -4.1116956528681997e-01
6.3421301753631809e-01 -4.0557322148712366e-01
6.3231403671492270e-01 -3.9981780641183640e-01
6.3034929408781804e-01 -3.9389190988045381e-01
6.2831778167011565e-01 -3.8779329319505945e-01
6.2622173067314413e-01 -3.8153274139012650e-01
6.2407336367105271e-01 -3.7512856757308860e-01
6.2188302922913918e-01 -3.6860078207396002e-01
6.1965364404134926e-01 -3.6196492412166897e-01
6.1738331050066197e-01 -3.5522803990499424e-01
6.1506801379252851e-01 -3.4839039780660380e-01
6.1270838071235645e-01 -3.4144999940006576e-01
6.1030652609279490e-01 -3.3441065305361284e-01
6.0786379769944399e-01 -3.2728266651780047e-01
6.0538719512937877e-01 -3.2007484675187148e-01
6.0287757053891200e-01 -3.1279137597526013e-01
6.0032777235992729e-01 -3.0542849887347212e-01
5.9773013228271843e-01 -2.9797223974576603e-01
5.9506910716735451e-01 -2.9040411199902999e-01
5.9234130838275367e-01 -2.8270230477068975e-01
5.8954193529345233e-01 -2.7485150266120878e-01
5.8666825672922018e-01 -2.6683582546892864e-01
5.8370696943124178e-01 -2.5862827429126184e-01
5.8060494664678064e-01 -2.5018854555762909e-01
5.7734689753215618e-01 -2.4142372839274798e-01
5.7378991369871279e-01 -2.3225784298912738e-01
5.6862842240503197e-01 -2.2316251447323482e-01
6.6119840715445177e-01 -5.2202842514676995e-01
6.6213571178680841e-01 -5.1932355142369035e-01
6.6214704113413014e-01 -5.1623575353450646e-01
6.6198657753104784e-01 -5.1320820479472584e-01
6.6171291597999338e-01 -5.1023987559743411e-01
6.6133337549563165e-01 -5.0730649543138995e-01
6.6085087000125742e-01 -5.0438470279196990e-01
6.6026891776106356e-01 -5.0145317673108170e-01
6.5959353352182615e-01 -4.9849179951413353e-01
6.5883367240257718e-01 -4.9548200311151336e-01
6.5799948068116942e-01 -4.9240635055892490e-01
6.5710273796204799e-01 -4.8925009650086876e-01
6.5615643953462699e-01 -4.8600073868764149e-01
6.5516632845348421e-01 -4.8264879416827866e-01
6.5413070977880472e-01 -4.7918658306810868e-01
6.5304390512300370e-01 -4.7560805589009231e-01
6.5190142617077518e-01 -4.7190745709820098e-01
6.5070247502608647e-01 -4.6808052462808197e-01
6.4945205585051968e-01 -4.6412489326430606e-01
6.4815114065554957e-01 -4.6004227929605007e-01
6.4680371566854156e-01 -4.5583549172250920e-01
6.4541195302289722e-01 -4.5150622292760334e-01
6.4397464793799963e-01 -4.4705251188541467e-01
6.4248332157650201e-01 -4.4246941029485987e-01
6.4093275002863859e-01 -4.3774961428780262e-01
6.3933152368878365e-01 -4.3288565058489703e-01
6.3767446250727844e-01 -4.2787917664430286e-01
6.3596636890533820e-01 -4.2273467113266444e-01
6.3421695997738903e-01 -4.1745478092349536e-01
6.3241800697185346e-01 -4.1203975488627598e-01
6.3056458258266945e-01 -4.0647961828990953e-01
6.2864745876338357e-01 -4.0075828585755818e-01
6.2666289616990067e-01 -3.9485960697345640e-01
6.2460942487229310e-01 -3.8878017839964818e-01
6.2249020552139855e-01 -3.8253472684827694e-01
6.2031928454289675e-01 -3.7614724656341253e-01
6.1810835555513444e-01 -3.6964188315945862e-01
6.1586046939110395e-01 -3.6303471092096096e-01
6.1357284719482463e-01 -3.5633007121386362e-01
6.1123979049069033e-01 -3.4952314814000701e-01
6.0886058213513239e-01 -3.4260774338166072e-01
6.0643719487122405e-01 -3.3558778079829216e-01
6.0397192316521187e-01 -3.2847768303352604e-01
6.0147304519799261e-01 -3.2129050474517856e-01
5.9894197392683957e-01 -3.1403303594168902e-01
5.9637116978292959e-01 -3.0670184971649039e-01
5.9375185341701164e-01 -2.9928071637405695e-01
5.9106667940707303e-01 -2.9174789732451628e-01
5.8831146566288328e-01 -2.8407968337353040e-01
5.8548311463179492e-01 -2.7626623327820893e-01
5.8258239879225782e-01 -2.6830029747631201e-01
5.7960069185675966e-01 -2.6016238869026703e-01
5.7649337497058495e-01 -2.5181224826784904e-01
5.7323710125999816e-01 -2.4315369917276000e-01
5.6969571293743904e-01 -2.3408751518162821e-01
5.6479200658106676e-01 -2.2495884632908020e-01
6.5901538162283302e-01 -5.2072937507011474e-01
6.5971205617303119e-01 -5.1808396386947486e-01
6.5961858398391138e-01 -5.1514913913564753e-01
6.5937634963145908e-01 -5.1227759199170142e-01
6.5903611601242063e-01 -5.0946247312084270e-01
6.5860258801623794e-01 -5.0667763855675862e-01
6.5807518153360711e-01 -5.0389819608862763e-01
6.5745548906326623e-01 -5.0110111836554649e-01
6.5674803751141753e-01 -4.9826489428535814e-01
6.5596058475898356e-01 -4.9536904017554129e-01
6.5510211087434445e-01 -4.9239547737580258e-01
6.5418347570944868e-01 -4.8932923583955579e-01
6.5321710649697762e-01 -4.8615951245181682e-01
6.5220826888476457e-01 -4.8287856782350347e-01
6.5115485118256633e-01 -4.7948096149716901e-01
6.5005066066964934e-01 -4.7596105562332658e-01
6.4889077462170230e-01 -4.7231315641034582e-01
6.4767403392313450e-01 -4.6853241348798824e-01
6.4640556398608462e-01 -4.6461752919392107e-01
6.4508656511195928e-01 -4.6057248569835518e-01
6.4372158204462093e-01 -4.5640292990729753e-01
6.4231311659710044e-01 -4.5211188081927162e-01
6.4085983434283189e-01 -4.4769665390890012e-01
6.3935240443041874e-01 -4.4314956254495486e-01
6.3778467854232279e-01 -4.3846010331136687e-01
6.3616514370941069e-01 -4.3361928197850730e-01
6.3448894100061193e-01 -4.2863157087469511e-01
6.3276211195506415e-01 -4.2350633092915929e-01
6.3099573442395862e-01 -4.1825035898337615e-01
6.2918169963570425e-01 -4.1286535183727219e-01
6.2731444783765067e-01 -4.0733875378689360e-01
6.2538304602906170e-01 -4.0164865883027456e-01
6.2338195333159974e-01 -3.9577264313081961e-01
6.2130920198275563e-01 -3.8970612197680532e-01
6.1916938618620720e-01 -3.8346928708368222e-01
6.1697886156329840e-01 -3.7709341030653321e-01
6.1475075054072426e-01 -3.7060699243435474e-01
6.1248823110129125e-01 -3.6402649679401333e-01
6.1018740329810961e-01 -3.5735264830191799e-01
6.0784058564414067e-01 -3.5057461337795087e-01
6.0544520263648693e-01 -3.4368055138735004e-01
6.0300328371633960e-01 -3.3667515189274938e-01
6.0051854054429610e-01 -3.2957814192674539e-01
5.9800082757551409e-01 -3.2240757954565286e-01
5.9545224558664889e-01 -3.1517301075889792e-01
5.9286486045619036e-01 -3.0787098989740558e-01
5.9022871206736138e-01 -3.0048263335579234e-01
5.8752411211888633e-01 -2.9298113272614701e-01
5.8474552104515476e-01 -2.8533937490644401e-01
5.8189173932936777e-01 -2.7755341865931527e-01
5.7896773044133221e-01 -2.6962663222302291e-01
5.7596945944179190e-01 -2.6154746314917143e-01
5.7286020081329647e-01 -2.5327733014074183e-01
5.6960976762469706e-01 -2.4471644550324362e-01
5.6608554985094395e-01 -2.3574115239105603e-01
5.6139423460867133e-01 -2.2657556403620788e-01
6.5700568549395644e-01 -5.1959323009741398e-01
6.5749001750101355e-01 -5.1701686640581923e-01
6.5730430421658559e-01 -5.1422934805796949e-01
6.5699102503164197e-01 -5.1150728578592208e-01
6.5659415257023424e-01 -5.0883843471806645e-01
6.5611589079486654e-01 -5.0619514061880511e-01
6.5555255302050353e-01 -5.0355063829254620e-01
6.5490380929319525e-01 -5.0088025181541673e-01
6.5417266844690602e-01 -4.9816017873376073e-01
6.5336544081745029e-01 -4.9536820005045989e-01
6.5248975457137293e-01 -4.9248498119636075e-01
6.5155543667899152e-01 -4.8949652462869286e-01
6.5057438054600358e-01 -4.8639394921991291e-01
6.4955161800425343e-01 -4.8317285053652165e-01
6.4848477637406710e-01 -4.7982958490705152e-01
6.4736731188434027e-01 -4.7635922630655742e-01
6.4619374029866650e-01 -4.7275470980152517e-01
6.4496255312050166e-01 -4.6901068373182153e-01
6.4367897936417839e-01 -4.6512668676988511e-01
6.4234477597819983e-01 -4.6111029250405133e-01
6.4096523403778671e-01 -4.5697047801616164e-01
6.3954333829051224e-01 -4.5271202440332764e-01
6.3807751192297069e-01 -4.4833082641159910e-01
6.3655735339838038e-01 -4.4381545408837009e-01
6.3497541438605021e-01 -4.3915084473362453e-01
6.3333989453047057e-01 -4.3432615509262545e-01
6.3164659430393799e-01 -4.2934963645497537e-01
6.2990326366825233e-01 -4.2423708621946588e-01
6.2812254876435314e-01 -4.1900020206183641e-01
6.2629655965587350e-01 -4.1364216480843191e-01
6.2441895882494913e-01 -4.0814723605974079e-01
6.2247667434658760e-01 -4.0248624707850544e-01
6.2046177172690908e-01 -3.9662886117454138e-01
6.1837172408544228e-01 -3.9056919469021223e-01
6.1621330196160273e-01 -3.8433507475676776e-01
6.1400557851996784e-01 -3.7796626698699304e-01
6.1176319197185525e-01 -3.7149588874333384e-01
6.0948927934265429e-01 -3.6494013800941894e-01
6.0717876906088608e-01 -3.5829590653671395e-01
6.0482157047989793e-01 -3.5154505176270628e-01
6.0241277703980800e-01 -3.4466888841288179e-01
5.9995463063500065e-01 -3.3767333314727410e-01
5.9745289848855221e-01 -3.3058506176935382e-01
5.9491918738930916e-01 -3.2342750192507536e-01
5.9235635190007319e-01 -3.1621295850626224e-01
5.8975610824236113e-01 -3.0893783932208341e-01
5.8710723584818014e-01 -3.0158021081596392e-01
5.8438732429170370e-01 -2.9410696660249164e-01
5.8158848629171089e-01 -2.8648496841418941e-01
5.7871203586133646e-01 -2.7871774036428104e-01
5.7576749883539435e-01 -2.7082028781893003e-01
5.7275561046497114e-01 -2.6279009743633575e-01
5.6964668589422918e-01 -2.5459083008966588e-01
5.6640545849102908e-01 -2.4612052412179750e-01
5.6290028737409836e-01 -2.3723016537365693e-01
5.5838360398474263e-01 -2.2802718480171275e-01
6.5515537376427768e-01 -5.1860414805321775e-01
6.5545311127442862e-01 -5.1610419766410665e-01
6.5518677092114308e-01 -5.1345827755054174e-01
6.5481258734094072e-01 -5.1087862855277066e-01
6.5436832036255388e-01 -5.0834883531322339e-01
6.5385391851738028e-01 -5.0583958004171359e-01
6.5326281258154806e-01 -5.0332246324677132e-01
6.5259283430634007e-01 -5.0077053523899351e-01
6.5184531811717228e-01 -4.9815756443132625e-01
6.5102491558563624e-01 -4.9545881542214160e-01
6.5013770820062300e-01 -4.9265423613655646e-01
6.4919245904522305e-01 -4.8973099047299407e-01
6.4820076059741571e-01 -4.8668388617475905e-01
6.4716766550841243e-01 -4.8351214554985450e-01
6.4609084005176287e-01 -4.8021472280496724e-01
6.4496332526404399e-01 -4.7678604343441433e-01
6.4377901992949893e-01 -4.7321726687526444e-01
6.4253583589941843e-01 -4.6950129670332186e-01
6.4123930958187592e-01 -4.6563949233569557e-01
6.3989201218447622e-01 -4.6164368551972945e-01
6.3850033172984777e-01 -4.5752741230415406e-01
6.3706776516185915e-01 -4.5329704970649776e-01
6.3559242759427914e-01 -4.4894671771633243e-01
6.3406250329148173e-01 -4.4445989371735373e-01
6.3246882707684449e-01 -4.3981567447254799e-01
6.3081905495932755e-01 -4.3500077011369787e-01
6.2911016088570981e-01 -4.3002868736190042e-01
6.2735209087607158e-01 -4.2492310997396326e-01
6.2555925482778485e-01 -4.1970131366872832e-01
6.2372401619168338e-01 -4.1436782710549952e-01
6.2183913513982614e-01 -4.0890325032821423e-01
6.1988899516539919e-01 -4.0326992354349572e-01
6.1786250211629434e-01 -3.9742753216665999e-01
6.1575662005617116e-01 -3.9136913247523053e-01
6.1358113379316159e-01 -3.8513245860579010e-01
6.1135828115241742e-01 -3.7876706810948768e-01
6.0910405657810285e-01 -3.7231016868729100e-01
6.0682149743273328e-01 -3.6577746373878539e-01
6.0450424084360710e-01 -3.5916158421492905e-01
6.0213959729148436e-01 -3.5243659191213550e-01
5.9971957064621551e-01 -3.4557494276312412e-01
5.9724701426684657e-01 -3.3858493834554071e-01
5.9473033618309501e-01 -3.3150161179577287e-01
5.9218301521874517e-01 -3.2435397656177356e-01
5.8960864251635459e-01 -3.1715689437822298e-01
5.8699859871296489e-01 -3.0990645818692464e-01
5.8434052910925005e-01 -3.0257790721709221e-01
5.8160886982655979e-01 -2.9513052236515902e-01
5.7879233446206035e-01 -2.8752247296523015e-01
5.7589533084259004e-01 -2.7976612470177259e-01
5.7293255034575163e-01 -2.7188971650991478e-01
5.6990916162159888e-01 -2.6389945127853898e-01
5.6680211723002116e-01 -2.5576264987501851e-01
5.6357250935948400e-01 -2.4737620866699692e-01
5.6008848074055551e-01 -2.3856704524792130e-01
5.5571491058328149e-01 -2.2932795950233933e-01
6.5345205733060319e-01 -5.1774726837600782e-01
6.5358628159496646e-01 -5.1532977017679638e-01
6.5325032684381357e-01 -5.1281893132677925e-01
6.5282464955958430e-01 -5.1037439480534152e-01
6.5234157950307614e-01 -5.0797589827362233e-01
6.5179886944053234e-01 -5.0559296338991377e-01
6.5118735488488466e-01 -5.0319531957341024e-01
6.5050302311032748e-01 -5.0075359203858261e-01
6.4974538953299266e-01 -4.9823837140305249e-01
6.4891719306568096e-01 -4.9562228799927632e-01
6.4802279647436944e-01 -4.9288433915297719e-01
6.4707003770471461e-01 -4.9001421439528731e-01
6.4607051531946935e-01 -4.8701131302307682e-01
6.4502976402587253e-01 -4.8387996011531836e-01
6.4394560741054274e-01 -4.8062105997705684e-01
6.4281069666631208e-01 -4.7722804296264892e-01
6.4161793373184273e-01 -4.7368838346952036e-01
6.4036457039394867e-01 -4.6999308899208131e-01
6.3905652358379528e-01 -4.6614546066195839e-01
6.3769771709792722e-01 -4.6216339939767920e-01
6.3629582560142972e-01 -4.5806538986573686e-01
6.3485497693840487e-01 -4.5385971337263148e-01
6.3337279885475917e-01 -4.4953795073766778e-01
6.3183576914327610e-01 -4.4507752556672692e-01
6.3023243738665025e-01 -4.4045003640932623e-01
6.2856969808829621e-01 -4.3563932660251098e-01
6.2684629397406810e-01 -4.3066571313708768e-01
6.2507493450618490e-01 -4.2556238056111484e-01
6.2327186122501621e-01 -4.2035240233901439e-01
6.2142968532977672e-01 -4.1504145165257694e-01
6.1954022051288726e-01 -4.0960629315210340e-01
6.1758489761063551e-01 -4.0399960950043684e-01
6.1554866171672828e-01 -3.9816910167063824e-01
6.1342796046506898e-01 -3.9210677042043074e-01
6.1123671653830858e-01 -3.8586324945101280e-01
6.0900052485837386e-01 -3.7949834990480480e-01
6.0673657895144306e-01 -3.7305291739356133e-01
6.0444758058557313e-01 -3.6654139479321252e-01
6.0212605915711270e-01 -3.5995270759658748e-01
5.9975644294688812e-01 -3.5325234173438003e-01
5.9732695337496666e-01 -3.4640217177701066e-01
5.9484139251448720e-01 -3.3941378317454507e-01
5.9231155724219142e-01 -3.3233240970112654e-01
5.8975266071753263e-01 -3.2519214357621767e-01
5.8716901202161387e-01 -3.1801023987460181e-01
5.8455165814295429e-01 -3.1078231851691651e-01
5.8188733440963891e-01 -3.0348129497037379e-01
5.7914710819853621e-01 -2.9605815630087506e-01
5.7631489743336373e-01 -2.8845887946434179e-01
5.7339916423599935e-01 -2.8070698545740769e-01
5.7042002350366794e-01 -2.7284457128021072e-01
5.6738683312070715e-01 -2.6488644962220886e-01
5.6428243897300168e-01 -2.5680386710079406e-01
5.6106607251826834e-01 -2.4849489503656680e-01
5.5760511631159582e-01 -2.3976424557170989e-01
5.5334835810115579e-01 -2.3049140896714668e-01
6.5188376413652516e-01 -5.1701015503588121e-01
6.5187598966438587e-01 -5.1467854205231733e-01
6.5148053804989581e-01 -5.1229629800964194e-01
6.5101221041519353e-01 -5.0997880885019065e-01
6.5049819106349627e-01 -5.0770356294448682e-01
6.4993426079034411e-01 -5.0543882092959425e-01
6.4930885809631522e-01 -5.0315261829186808e-01
6.4861613664454176e-01 -5.0081266216080267e-01
6.4785360399118819e-01 -4.9838596730721640e-01
6.4702180826977262e-01 -4.9584188631911758e-01
6.4612329900590559e-01 -4.9315887175817863e-01
6.4516521740266042e-01 -4.9033000165644386e-01
6.4415972953897971e-01 -4.8736118596246636e-01
6.4311322321240838e-01 -4.8426227016872930e-01
6.4202390633951600e-01 -4.8103632197310214e-01
6.4088375816229337e-01 -4.7767407218729480e-01
6.3968440980612729e-01 -4.7415839488786898e-01
6.3842208443605930e-01 -4.7047705330708356e-01
6.3710348733876609e-01 -4.6663673571278602e-01
6.3573429850191443e-01 -4.6266239624621919e-01
6.3432381785067948e-01 -4.5857850060342198e-01
6.3287670983794331e-01 -4.5439472801297942e-01
6.3139007099608291e-01 -4.5009996940458291e-01
6.2984830244214152e-01 -4.4566443831484015e-01
6.2823711817958539e-01 -4.4105084097353486e-01
6.2656231205638702e-01 -4.3623932884892103e-01
6.2482523433335890e-01 -4.3125920859653755e-01
6.2304182702666955e-01 -4.2615435397334989e-01
6.2123013531549209e-01 -4.2095356567416808e-01
6.1938297031662204e-01 -4.1566338010118503e-01
6.1749121433007881e-01 -4.1025676049537863e-01
6.1553310135233807e-01 -4.0467613122345814e-01
6.1348860034314778e-01 -3.9885467221266491e-01
6.1135382857293452e-01 -3.9278388796792801e-01
6.0914796572014940e-01 -3.8653010047702369e-01
6.0690010200743305e-01 -3.8016371705732893e-01
6.0462819804825718e-01 -3.7372794212742955e-01
6.0233457354904041e-01 -3.6723583405575694e-01
6.0001072853990400e-01 -3.6067283375445292e-01
5.9763830409772212e-01 -3.5399620642012258e-01
5.9520071119394657e-01 -3.4715459532824250e-01
5.9270333273461939e-01 -3.4016456057852656e-01
5.9016193503798420e-01 -3.3308286503540330e-01
5.8759323873133207e-01 -3.2594796856236657e-01
5.8500220301830475e-01 -3.1877924474627212e-01
5.8237949709598935e-01 -3.1157159303990678e-01
5.7971134392719748e-01 -3.0429659412534671e-01
5.7696536145520039e-01 -2.9689662367660846e-01
5.7411915531617530e-01 -2.8930174959902122e-01
5.7118629044753011e-01 -2.8154910354292606e-01
5.6819256913891181e-01 -2.7369526842848035e-01
5.6515086184066443e-01 -2.6576238086149379e-01
5.6204945706538756e-01 -2.5772639606406439e-01
5.5884701488412492e-01 -2.4948810463806279e-01
5.5541081683373461e-01 -2.4083395909656280e-01
5.5124886424019393e-01 -2.3153016915166030e-01
6.5044007780202207e-01 -5.1638094214696451e-01
6.5030946792931166e-01 -5.1413810106617441e-01
6.4986424781844754e-01 -5.1187669426761573e-01
6.4936137519357084e-01 -5.0967800906028726e-01
6.4882358499782333e-01 -5.0751733428803047e-01
6.4824474397790754e-01 -5.0536241148727468e-01
6.4761114661394725e-01 -5.0317940866023358e-01
6.4691509647750367e-01 -5.0093283478420703e-01
6.4615188467015994e-01 -4.9858551650694410e-01
6.4531958613549745e-01 -4.9610309030010030e-01
6.4441886960766703e-01 -4.9346352600215299e-01
6.4345664209113584e-01 -4.9066486211076754e-01
6.4244624493482705e-01 -4.8772091020754232e-01
6.4139539859921457e-01 -4.8464800763977300e-01
6.4030266577173334e-01 -4.8145048183981731e-01
6.3915918614753409e-01 -4.7811557805644911e-01
6.3795472485164784e-01 -4.7461954344494650e-01
6.3668429220158629e-01 -4.7094651944917648e-01
6.3535568472113724e-01 -4.6710732820143180e-01
6.3397703238810821e-01 -4.6313596445682464e-01
6.3255928043549126e-01 -4.5906268954816515e-01
6.3110765995817331e-01 -4.5489865697591952e-01
6.2961860794091684e-01 -4.5062961919279027e-01
6.2807421991053591e-01 -4.4621800085775915e-01
6.2645673226333010e-01 -4.4161604139802607e-01
6.2477051334912659e-01 -4.3679946591256019e-01
6.2302045354439273e-01 -4.3180883636846862e-01
6.2122612540780298e-01 -4.2669964787824294e-01
6.1940722997078468e-01 -4.2150600856385079e-01
6.1755666275016019e-01 -4.1623486695120188e-01
6.1566452517555614e-01 -4.1085586352939468e-01
6.1370568464910091e-01 -4.0530078778282574e-01
6.1165416404360773e-01 -3.9948603005696565e-01
6.0950583773747236e-01 -3.9340279470647965e-01
6.0728650844964283e-01 -3.8713649425795926e-01
6.0502847195326137e-01 -3.8076723102772492e-01
6.0275015584822078e-01 -3.7433974206717691e-01
6.0045323633455838e-01 -3.6786493125208680e-01
5.9812864079101202e-01 -3.6132613225189947e-01
5.9575518798588190e-01 -3.5467230903303970e-01
5.9331061511311067e-01 -3.4783676173161898e-01
5.9080238836263621e-01 -3.4084227638066772e-01
5.8825094962430935e-01 -3.3375883086395153e-01
5.8567400818387572e-01 -3.2662776548895944e-01
5.8307716745028293e-01 -3.1947049334045391e-01
5.8045062760453769e-01 -3.1228085001384381e-01
5.7778056566885916e-01 -3.0503026162325880e-01
5.7503128809150272e-01 -2.9765274575620981e-01
5.7217247973989138e-01 -2.9005858098021470e-01
5.6922404120053638e-01 -2.8230137566580543e-01
5.6621740214364724e-01 -2.7445198864087450e-01
5.6316832901704439e-01 -2.6653869816509745e-01
5.6006980931885597e-01 -2.5854196951768338e-01
5.5688129598461888e-01 -2.5036746611933658e-01
5.5347098870949274e-01 -2.4178765031522245e-01
5.4938546423869328e-01 -2.3245590721866644e-01
6.4911039166020124e-01 -5.1585096914039141e-01
6.4887534594108776e-01 -5.1369668979970950e-01
6.4838919826146102e-01 -5.1154868017736088e-01
6.4785936487839924e-01 -5.0945944939332322e-01
6.4730422018617373e-01 -5.0740441182920604e-01
6.4671600774077942e-01 -5.0535054949874736e-01
6.4607907892882799e-01 -5.0326234478344734e-01
6.4538388800970237e-01 -5.0110083862391319e-01
6.4462328342157837e-01 -4.9882402199783776e-01
6.4379257120740241e-01 -4.9639328139917782e-01
6.4289055196213973e-01 -4.9378628248905909e-01
6.4192451648585613e-01 -4.9100757209434215e-01
6.4090974312112436e-01 -4.8808060502046174e-01
6.3985557272077331e-01 -4.8502833295880787e-01
6.3876094793257598e-01 -4.8185598839358601e-01
6.3761575662833547e-01 -4.7854574284177315e-01
6.3640746794552971e-01 -4.7506615141034492e-01
6.3512939290148740e-01 -4.7139630911315189e-01
6.3379114937943803e-01 -4.6755326814764736e-01
6.3240374093984131e-01 -4.6358092920329985e-01
6.3097991836719336e-01 -4.5951578002488097e-01
6.2952520056159345e-01 -4.5536947102988284e-01
6.2803547604697429e-01 -4.5112504397822389e-01
6.2649028691722253e-01 -4.4673649807191890e-01
6.2486787580340708e-01 -4.4214453044092811e-01
6.2317072485807634e-01 -4.3731931456369594e-01
6.2140833164372511e-01 -4.3231517159808297e-01
6.1960419685779955e-01 -4.2719986141061389e-01
6.1777930178737661e-01 -4.2201168626775304e-01
6.1592659208216849e-01 -4.1675786690591843e-01
6.1403555213768546e-01 -4.1140523931222917e-01
6.1207778021655068e-01 -4.0587536233928134e-01
6.1002020482055475e-01 -4.0006512364053554e-01
6.0785880752821986e-01 -3.9396633013766347e-01
6.0562713609698182e-01 -3.8768608855682807e-01
6.0336038859479602e-01 -3.8131334910289189e-01
6.0107691408829311e-01 -3.7489281635164173e-01
5.9877776398557792e-01 -3.6843334534990130e-01
5.9645350431431221e-01 -3.6191679437858632e-01
5.9408054504249608e-01 -3.5528502251039212e-01
5.9162985545745717e-01 -3.4845323436084980e-01
5.8911172366594222e-01 -3.4145230544107907e-01
5.8655169468344170e-01 -3.3436636071580850e-01
5.8396783045507294e-01 -3.2723785158166507e-01
5.8136653970768182e-01 -3.2009062943296085e-01
5.7873727615865234e-01 -3.1291663644920409e-01
5.7606676127377743e-01 -3.0568867439072755e-01
5.7331633330819676e-01 -2.9833316797027498e-01
5.7044612094700697e-01 -2.9073670332606999e-01
5.6748366252192750e-01 -2.8297236846872603e-01
5.6446577080229776e-01 -2.7512464138072462e-01
5.6141030448068641e-01 -2.6722620857187956e-01
5.5831442885491389e-01 -2.5926218418434277e-01
5.5513915255531632e-01 -2.5114414580873495e-01
5.5175527931706914e-01 -2.4263610648206430e-01
5.4773082985723831e-01 -2.3327936512910805e-01
6.4788615512481673e-01 -5.1541091311340070e-01
6.4756277506163296e-01 -5.1334562349446689e-01
6.4704434035811365e-01 -5.1130147801003689e-01
6.4649432699934994e-01 -5.0931240310495662e-01
6.4592753500892497e-01 -5.0735325112470986e-01
6.4533468599949639e-01 -5.0539148951262014e-01
6.4469846838094669e-01 -5.0338960844370784e-01
6.4400746952313237e-01 -5.0130486481676240e-01
6.4325191377680369e-01 -4.9909013760733378e-01
6.4242398507734721e-01 -4.9670163034828635e-01
6.4152073654198394e-01 -4.9411706005920525e-01
6.4055066696909901e-01 -4.9134927810898033e-01
6.3953170360548872e-01 -4.8843266576787725e-01
6.3847502240797749e-01 -4.8539686701049423e-01
6.3737975034058791e-01 -4.8224701484725063e-01
6.3623430688706606e-01 -4.7895957565620523e-01
6.3502320796406553e-01 -4.7549368230109845e-01
6.3373783444395604e-01 -4.7182296471054824e-01
6.3239016238202261e-01 -4.6797187932600348e-01
6.3099474328289451e-01 -4.6399594060624677e-01
6.2956580022820186e-01 -4.5993666669837868e-01
6.2810915628393593e-01 -4.5580633278767441e-01
6.2662014756534412e-01 -4.5158528454479041e-01
6.2507572068357453e-01 -4.4721912202568898e-01
6.2344961117926490e-01 -4.4263594735675876e-01
6.2174186174584956e-01 -4.3779903780970580e-01
6.1996792248042520e-01 -4.3277968286880547e-01
6.1815498735261920e-01 -4.2765697279783643e-01
6.1632519286428777e-01 -4.2247311139724247e-01
6.1447129372141829e-01 -4.1723481918302091e-01
6.1258244332138767e-01 -4.1190703880562263e-01
6.1062722664326086e-01 -4.0640191423164751e-01
6.0856437995701995e-01 -4.0059431656058897e-01
6.0639033434379364e-01 -3.9447746484699586e-01
6.0414761041988718e-01 -3.8818307346656400e-01
6.0187344577918855e-01 -3.8180651654780062e-01
5.9958590627129105e-01 -3.7539192021013201e-01
5.9728519839805305e-01 -3.6894548710674535e-01
5.9496208668094031e-01 -3.6244926529535709e-01
5.9259081164286720e-01 -3.5583865032519257e-01
5.9013474888494322e-01 -3.4900875192484343e-01
5.8760755186019631e-01 -3.4199982802641393e-01
5.8504030350171632e-01 -3.3491114475550349e-01
5.8245076719611244e-01 -3.2778449273474930e-01
5.7984614859302708e-01 -3.2064608588332033e-01
5.7721498627682633e-01 -3.1348547540997929e-01
5.7454508091005640e-01 -3.0627822552174216e-01
5.7179523348912586e-01 -2.9894415322956636e-01
5.6891472950218991e-01 -2.9134314623552054e-01
5.6593983954797900e-01 -2.8357024239890194e-01
5.6291231774538009e-01 -2.7572240665169145e-01
5.5985141042712816e-01 -2.6783518759821645e-01
5.5675778610108795e-01 -2.5989786961001193e-01
5.5359464036144357e-01 -2.5182895900338736e-01
5.5023700789335395e-01 -2.4338931403138986e-01
5.4626082085950300e-01 -2.3401035912774448e-01
6.4675804835975925e-01 -5.1505579681265279e-01
6.4636247898643240e-01 -5.1307557701712858e-01
6.4581938544595241e-01 -5.1112666832175391e-01
6.4525541687654386e-01 -5.0922671870452851e-01
6.4468184115692528e-01 -5.0735389371180628e-01
6.4408828492724235e-01 -5.0547473441480362e-01
6.4345598873732723e-01 -5.0355059370674260e-01
6.4277173481897543e-01 -5.0153465427575605e-01
6.4202284283673161e-01 -4.9937378848973485e-01
6.4119819364700970e-01 -4.9701894922580248e-01
6.4029318011640535e-01 -4.9444768735840300e-01
6.3931848269874747e-01 -4.9168304051994455e-01
6.3829539513773437e-01 -4.8877161664939039e-01
6.3723683530144648e-01 -4.8574894113814643e-01
6.3614199197155030e-01 -4.8261953993904533e-01
6.3499750822763124e-01 -4.7935331128052050e-01
6.3378455684573398e-01 -4.7589925057603760e-01
6.3249192858325975e-01 -4.7222377454890596e-01
6.3113511228668295e-01 -4.6836170661198662e-01
6.2973238115062014e-01 -4.6438028075036825e-01
6.2829930207914408e-01 -4.6032563857706033e-01
6.2684156890003007e-01 -4.5620933983041528e-01
6.2535437937438609e-01 -4.5201041727783370e-01
6.2381181913466677e-01 -4.4766539873835970e-01
6.2218311106636981e-01 -4.4309020150040662e-01
6.2046526271697322e-01 -4.3823977705088046e-01
6.1868048721430902e-01 -4.3320395206506757e-01
6.1685988527101165e-01 -4.2807364572129847e-01
6.1502610793267709e-01 -4.2289309201921976e-01
6.1317173379909329e-01 -4.1766855438613315e-01
6.1128574616777553e-01 -4.1236362085379802e-01
6.0933419799661159e-01 -4.0688246275030815e-01
6.0726678290263636e-01 -4.0107607865804129e-01
6.0508062923043260e-01 -3.9493961546377149e-01
6.0282813841234539e-01 -3.8863144572560415e-01
6.0054778401284792e-01 -3.8225117234982359e-01
5.9825705819139274e-01 -3.7584152407555010e-01
5.9595529810844894e-01 -3.6940603178813008e-01
5.9363384161308075e-01 -3.6292804869468215e-01
5.9126512955060884e-01 -3.5633751234550282e-01
5.8880434165615436e-01 -3.4950800831375878e-01
5.8626895977643256e-01 -3.4249025136162636e-01
5.8369590057622101e-01 -3.3539931474906443e-01
5.8110150857004284e-01 -3.2827327643488136e-01
5.7849461902632215e-01 -3.2114296111438145e-01
5.7586213987052692e-01 -3.1399354329588214e-01
5.7319351611152602e-01 -3.0680484651528028e-01
5.7044563843098173e-01 -2.9949157049683478e-01
5.6755580077954093e-01 -2.9188420645518542e-01
5.6457013773273690e-01 -2.8410234026192521e-01
5.6153456469635821e-01 -2.7625347148969664e-01
5.5846911518057918e-01 -2.6837466551551137e-01
5.5537737533835618e-01 -2.6045891227202173e-01
5.5222504379656667e-01 -2.5243206944098889e-01
5.4889269194991652e-01 -2.4405642158834925e-01
5.4495419319786265e-01 -2.3465800195595737e-01
6.4571964066614762e-01 -5.1477781063427996e-01
6.4526557232965265e-01 -5.1288098243289504e-01
6.4470525765125564e-01 -5.1101511204503169e-01
6.4413255948768688e-01 -5.0919439021475832e-01
6.4355627294758211e-01 -5.0739677102580982e-01
6.4296514364963253e-01 -5.0559141737510338e-01
6.4233914001635661e-01 -5.0373600969148058e-01
6.4166334950657522e-01 -5.0178080673269021e-01
6.4092214557547889e-01 -4.9966652716293258e-01
6.4010067121619574e-01 -4.9733751982241070e-01
6.3919291801423328e-01 -4.9477145522689014e-01
6.3821299189431180e-01 -4.9200399239522996e-01
6.3718580388045853e-01 -4.8909377284153133e-01
6.3612590733539476e-01 -4.8608165628197614e-01
6.3503222716031105e-01 -4.8297052487403180e-01
6.3388975218150467e-01 -4.7972428956694463e-01
6.3267557878434366e-01 -4.7628005064857387e-01
6.3137598691197450e-01 -4.7259753253880449e-01
6.3001036859064852e-01 -4.6872246722217042e-01
6.2860110302654226e-01 -4.6473461168683194e-01
6.2716468161943484e-01 -4.6068345488108686e-01
6.2570651752893325e-01 -4.5657944697909247e-01
6.2422178841534903e-01 -4.5240074954210441e-01
6.2268204911025105e-01 -4.4807591590271628e-01
6.2105178876561107e-01 -4.4350832852652083e-01
6.1932399408029759e-01 -4.3864216218374935e-01
6.1752950863075062e-01 -4.3359034013711978e-01
6.1570227190988103e-01 -4.2845249588254586e-01
6.1386532120471804e-01 -4.2327451508439673e-01
6.1201094589622562e-01 -4.1806187408236967e-01
6.1012817642641404e-01 -4.1277753748412033e-01
6.0818117494376767e-01 -4.0731952805275479e-01
6.0610962901318499e-01 -4.0151277164857541e-01
6.0391198278105884e-01 -3.9535581622128563e-01
6.0165113919075686e-01 -3.8903508643608309e-01
5.9936577353815024e-01 -3.8265159622465184e-01
5.9707254623501416e-01 -3.7624590616405029e-01
5.9477015342271067e-01 -3.6981959707083684e-01
5.9245052956084809e-01 -3.6335742305239893e-01
5.9008497489262901e-01 -3.5678569961350737e-01
5.8762008008593047e-01 -3.4995554027040154e-01
5.8507743357423603e-01 -3.4292871987779910e-01
5.8249961047855547e-01 -3.3583554919906305e-01
5.7990151118998845e-01 -3.2871035258027120e-01
5.7729304503424139e-01 -3.2158699335182139e-01
5.7465958286853902e-01 -3.1444653362176894e-01
5.7199270313122863e-01 -3.0727434535225084e-01
5.6924779160126648e-01 -2.9998092956962491e-01
5.6634982473427298e-01 -2.9236669034433610e-01
5.6335506399105661e-01 -2.8457626290339322e-01
5.6031292060232440e-01 -2.7672600292168281e-01
5.5724377876288456e-01 -2.6885351036193367e-01
5.5415363149518915e-01 -2.6095501230704565e-01
5.5101045619753997e-01 -2.5296295946678077e-01
5.4770173166702063e-01 -2.4464592161832993e-01
5.4379208527252709e-01 -2.3523038511383054e-01
6.4476314151514469e-01 -5.1457535750182093e-01
6.4426497833473451e-01 -5.1275305751430400e-01
6.4369347229764784e-01 -5.1096100060202343e-01
6.4311655014874280e-01 -5.0920647847268075e-01
6.4254077900493800e-01 -5.0747506806882203e-01
6.4195423856553213e-01 -5.0573254660261358e-01
6.4133628666716647e-01 -5.0393828846699296e-01
6.4066986777203172e-01 -5.0203548469104897e-01
6.3993659033922379e-01 -4.9996036962821283e-01
6.3911778832435018e-01 -4.9765035854042228e-01
6.3820632029053381e-01 -4.9508322752808692e-01
6.3722067173353125e-01 -4.9230859737667521e-01
6.3618966452315573e-01 -4.8939739419114880e-01
6.3512886707643235e-01 -4.8639374112198841e-01
6.3403685120713338e-01 -4.8329873336446483e-01
6.3289693346282327e-01 -4.8007051166822040e-01
6.3168230620520405e-01 -4.7663515339879242e-01
6.3037583564315425e-01 -4.7294334436790142e-01
6.2900186256684776e-01 -4.6905410243851575e-01
6.2758705717200647e-01 -4.6506008309786584e-01
6.2614792528054153e-01 -4.6101133377363873e-01
6.2468968736106112e-01 -4.5691758858385134e-01
6.2320793195483970e-01 -4.5275749854198205e-01
6.2167145703177229e-01 -4.4845108877329271e-01
6.2004030508545638e-01 -4.4389022382344540e-01
6.1830351960651952e-01 -4.3900871969222860e-01
6.1650032115098108e-01 -4.3394143223273618e-01
6.1466724943877282e-01 -4.2879586308888490e-01
6.1282803559863497e-01 -4.2362053677756517e-01
6.1097411249145939e-01 -4.1841840837551042e-01
6.0909453814265302e-01 -4.1315188301742956e-01
6.0715248997696569e-01 -4.0771546831863348e-01
6.0507732300474870e-01 -4.0190740590047513e-01
6.0286897428862574e-01 -3.9572994460783134e-01
6.0060143303666291e-01 -3.8939899864075367e-01
5.9831179693408520e-01 -3.8301197647333052e-01
5.9601674110776204e-01 -3.7660970491146228e-01
5.9371365436996448e-01 -3.7018992624893154e-01
5.9139624737260865e-01 -3.6374221508917171e-01
5.8903415863720532e-01 -3.5718774470369030e-01
5.8656569751092180e-01 -3.5035611362492625e-01
5.8401650986456433e-01 -3.4331989494870313e-01
5.8143518689969464e-01 -3.3622555235393053e-01
5.7883381969118675e-01 -3.2909996004689496e-01
5.7622462275751063e-01 -3.2198333694311920e-01
5.7359062770785907e-01 -3.1485043264350404e-01
5.7092560568523409e-01 -3.0769234365044851e-01
5.6818415872373706e-01 -3.0041720131848781e-01
5.6527890048130736e-01 -2.9279521339818759e-01
5.6227670238560323e-01 -2.8499718478057540e-01
5.5922938810910605e-01 -2.7714564843753148e-01
5.5615744567179104e-01 -2.6927819777665951e-01
5.5306856348708489e-01 -2.6139316098582926e-01
5.4993343922081639e-01 -2.5343047615807346e-01
5.4664614062310024e-01 -2.4516583990589166e-01
5.4275817595574138e-01 -2.3573556398408502e-01
6.4388468723437786e-01 -5.1444036847591001e-01
6.4335377043401976e-01 -5.1268943942826328e-01
6.4277661311846501e-01 -5.1095548466967033e-01
6.4219889428346533e-01 -5.0925788272825645e-01
6.4162575034724589e-01 -5.0757942119076560e-01
6.4104574921667257e-01 -5.0589369187199174e-01
6.4043618738154406e-01 -5.0414909318959378e-01
6.3977969029024195e-01 -5.0229217481976651e-01
6.3905383327570253e-01 -5.0024857499207942e-01
6.3823717737354557e-01 -4.9795237986004326e-01
6.3732115330844263e-01 -4.9537954554872643e-01
6.3632946182658656e-01 -4.9259471580121988e-01
6.3529482466937082e-01 -4.8968065629651153e-01
6.3423344858866648e-01 -4.8668367553284336e-01
6.3314342042902827e-01 -4.8360285678229425e-01
6.3200675533135731e-01 -4.8039172769636573e-01
6.3079201494440740e-01 -4.7696366609666441e-01
6.2947885702871664e-01 -4.7326104157882476e-01
6.2809731256948920e-01 -4.6935783483056015e-01
6.2667753787906799e-01 -4.6535702167379578e-01
6.2523709834404440e-01 -4.6131246423658301e-01
6.2377898981754154e-01 -4.5722698562522140e-01
6.2229994496463725e-01 -4.5308215291869208e-01
6.2076685021552103e-01 -4.4879204654355831e-01
6.1913574179533992e-01 -4.4423816716811249e-01
6.1739044113462715e-01 -4.3934076660599014e-01
6.1557917125382322e-01 -4.3425779015954985e-01
6.1374214204531530e-01 -4.2910789632541368e-01
6.1190097927795728e-01 -4.2393393017269776e-01
6.1004770813114861e-01 -4.1874064067801520e-01
6.0817123649640170e-01 -4.1348945189416969e-01
6.0623394760141824e-01 -4.0807198554650065e-01
6.0415561274472873e-01 -4.0226189829004361e-01
6.0193761525556222e-01 -3.9606488714496241e-01
5.9966447889926588e-01 -3.8972479844570179e-01
5.9737197329096092e-01 -3.8333623185105092e-01
5.9507534245107796e-01 -3.7693603251694285e-01
5.9277243069884056e-01 -3.7052321467015525e-01
5.9045681313198894e-01 -3.6408672731651248e-01
5.8809801193234346e-01 -3.5754707758681636e-01
5.8562685234412004e-01 -3.5071438254804738e-01
5.8307227435987385e-01 -3.4366995980614329e-01
5.8048828597188706e-01 -3.3657473255292519e-01
5.7788405562374556e-01 -3.2944781884950525e-01
5.7527458688918109e-01 -3.2233707739539585e-01
5.7263990056688863e-01 -3.1520915137586558e-01
5.6997690024409864e-01 -3.0806338289843244e-01
5.6723943264272847e-01 -3.0080548126017304e-01
5.6432802593453169e-01 -2.9317611385369835e-01
5.6132010622818784e-01 -2.8537214112181364e-01
5.5826875120822261e-01 -2.7751934560842750e-01
5.5519469973718183e-01 -2.6965574766347983e-01
5.5210702809579526e-01 -2.6178153595344894e-01
5.4897857306061282e-01 -2.5384252690741554e-01
5.4570952148123897e-01 -2.4562230099706323e-01
5.4183784518445988e-01 -2.3618041314478477e-01
6.4307825544871577e-01 -5.1437559116799592e-01
6.4252677077849063e-01 -5.1267851804119480e-01
6.4194788113825318e-01 -5.1099545847859340e-01
6.4137158668387817e-01 -5.0933968717428457e-01
6.4080294421836237e-01 -5.0770770126982823e-01
6.4022944664797710e-01 -5.0606470979043416e-01
6.3962957380024377e-01 -5.0436648767657155e-01
6.3898152368271710e-01 -5.0254369430388757e-01
6.3826268775818629e-01 -5.0052637285694512e-01
6.3744703008154990e-01 -4.9823820485162246e-01
6.3652563447452271e-01 -4.9565577108872005e-01
6.3552894430740958e-01 -4.9286223565531412e-01
6.3449139555328871e-01 -4.8994556043829235e-01
6.3342984209213515e-01 -4.8695416757481702e-01
6.3234059853789881e-01 -4.8388157933962095e-01
6.3120726400159921e-01 -4.8068553099169792e-01
6.2999229395683121e-01 -4.7726242989016454e-01
6.2867439349492205e-01 -4.7355259762016266e-01
6.2728564465992176e-01 -4.6963475864174414e-01
6.2586241564339851e-01 -4.6562974238633664e-01
6.2442019403735638e-01 -4.6158583887520488e-01
6.2296235387869681e-01 -4.5750697221561121e-01
6.2148608978796804e-01 -4.5337557396493766e-01
6.1995692759658594e-01 -4.4910130626308081e-01
6.1832619624265484e-01 -4.4455345904351556e-01
6.1657220516583300e-01 -4.3963803962139497e-01
6.1475618175083291e-01 -4.3454703672997563e-01
6.1291455315459964e-01 -4.2938916429833479e-01
6.1107273242117432e-01 -4.2421853563154893e-01
6.0922020825236567e-01 -4.1903248239373864e-01
6.0734630943090251e-01 -4.1379331155096083e-01
6.0541404614575911e-01 -4.0839370744962833e-01
6.0333341265315099e-01 -4.0258227687565917e-01
6.0110601875802860e-01 -3.9636492382363853e-01
5.9882962699767750e-01 -3.9002064167690065e-01
5.9653408052337786e-01 -3.8362834886584474e-01
5.9423651171452585e-01 -3.7723033110861776e-01
5.9193281719703916e-01 -3.7082004754253151e-01
5.8961969977551920e-01 -3.6439511978799882e-01
5.8726435869029359e-01 -3.5786910626032392e-01
5.8479064787651869e-01 -3.5103418636634820e-01
5.8223095344986431e-01 -3.4398068548256117e-01
5.7964402020092975e-01 -3.3688212049030275e-01
5.7703978897387609e-01 -3.2976000281447393e-01
5.7442947986903392e-01 -3.2265187541000989e-01
5.7179481903725926e-01 -3.1552904641586160e-01
5.6913360325664508e-01 -3.0839312059140656e-01
5.6639969257770684e-01 -3.0114951538225121e-01
5.6348460393140798e-01 -2.9351681453986922e-01
5.6047224190891376e-01 -2.8570795516482628e-01
5.5741797931281045e-01 -2.7785443076005900e-01
5.5434265524992488e-01 -2.6999435585437048e-01
5.5125591292208087e-01 -2.6212812750530018e-01
5.4813228982786744e-01 -2.5420633649297408e-01
5.4487785362177188e-01 -2.4602171051215416e-01
5.4101700738187497e-01 -2.3656869612928716e-01
6.4234288620429558e-01 -5.1437052808788641e-01
6.4177931690620094e-01 -5.1272562998721594e-01
6.4120124756156582e-01 -5.1107438754068379e-01
6.4062808278651995e-01 -5.0945238314141694e-01
6.4006369962739418e-01 -5.0785106096821753e-01
6.3949812955719476e-01 -5.0624794628361214e-01
6.3890564520749660e-01 -5.0458037922089105e-01
6.3826651194111927e-01 -5.0278911069544308e-01
6.3755198115281730e-01 -5.0078736012985103e-01
6.3673728661046214e-01 -4.9850541629878614e-01
6.3581138750827459e-01 -4.9591465136777296e-01
6.3480882764531843e-01 -4.9310858238912397e-01
6.3376867472451515e-01 -4.9018855192440103e-01
6.3270680722436135e-01 -4.8720054615614067e-01
6.3162123911255663e-01 -4.8414257287994716e-01
6.3048960310191560e-01 -4.8095514024539054e-01
6.2927727774880904e-01 -4.7754278220121488e-01
6.2795131253749725e-01 -4.7381556909251421e-01
6.2655644102969343e-01 -4.6988456433679082e-01
6.2512963014565914e-01 -4.6587323145480458e-01
6.2368864496099996e-01 -4.6183723855870645e-01
6.2223080724427171e-01 -4.5776244790284765e-01
6.2075789840363427e-01 -4.5364425449098661e-01
6.1922979502694508e-01 -4.4937654211981171e-01
6.1759790656036950e-01 -4.4482925144257496e-01
6.1584144019191100e-01 -4.3991089440834252e-01
6.1401824111458947e-01 -4.3480375067431404e-01
6.1217570894624318e-01 -4.2964707898926918e-01
6.1033287244193679e-01 -4.2447719005161372e-01
6.0847952202033884e-01 -4.1929237949524523e-01
6.0660795205682805e-01 -4.1406320711154909e-01
6.0467877674288195e-01 -4.0867521285877223e-01
6.0259606800707144e-01 -4.0286162121949298e-01
6.0036368359886394e-01 -3.9663419820559909e-01
5.9808402081496903e-01 -3.9028425539655692e-01
5.9578727858884739e-01 -3.8389207143720155e-01
5.9348852279653119e-01 -3.7749411313827141e-01
5.9118585007717228e-01 -3.7109003731963791e-01
5.8887416143604865e-01 -3.6467224497138279e-01
5.8652113533413097e-01 -3.5815550410188529e-01
5.8404618208915182e-01 -3.5132048437418562e-01
5.8148259319827977e-01 -3.4425989642746163e-01
5.7889639630349576e-01 -3.3716647839037933e-01
5.7628533052153175e-01 -3.3002919490985277e-01
5.7367728716548572e-01 -3.2293087441474094e-01
5.7104179184819515e-01 -3.1580939579706907e-01
5.6838233541937688e-01 -3.0868186023382960e-01
5.6565236650474571e-01 -3.0145211910385639e-01
5.6273261632322935e-01 -2.9381182286222468e-01
5.5971735181374871e-01 -2.8600000662486735e-01
5.5666069294376186e-01 -2.7814505051430050e-01
5.5358437976010277e-01 -2.7028727957614684e-01
5.5049847191578172e-01 -2.6242730290488592e-01
5.4738289258437667e-01 -2.5452906023926813e-01
5.4413902817863569e-01 -2.4637032418222785e-01
5.4028784819578313e-01 -2.3691366779902773e-01
6.4167566089392514e-01 -5.1443010365428654e-01
6.4110639550833226e-01 -5.1280969031964874e-01
6.4053166688790686e-01 -5.1118947515451729e-01
6.3996119544528218e-01 -5.0958626082708691e-01
6.3939986000462923e-01 -5.0800224843784603e-01
6.3884240071003273e-01 -5.0643353893413312e-01
6.3825912597656875e-01 -5.0479796756714501e-01
6.3762180681181524e-01 -5.0301413760871727e-01
6.3691528504104178e-01 -5.0103631139695337e-01
6.3609998205724094e-01 -4.9875512609064065e-01
6.3516811653439864e-01 -4.9615116360805761e-01
6.3416323225843108e-01 -4.9334143006181441e-01
6.3312119767973574e-01 -4.9041890399815208e-01
6.3205983563214896e-01 -4.8743504993485282e-01
6.3096909923255251e-01 -4.8436513072146553e-01
6.2984466304812525e-01 -4.8120037219474726e-01
6.2862797466181364e-01 -4.7777895908417584e-01
6.2730378018390176e-01 -4.7405920623147191e-01
6.2590306817991814e-01 -4.7011492313665992e-01
6.2447445688749337e-01 -4.6610123128037806e-01
6.2303270424447166e-01 -4.6206577769427437e-01
6.2157517062589140e-01 -4.5799453627637526e-01
6.2010079838668919e-01 -4.5387480948633752e-01
6.1858010845616795e-01 -4.4962963261024447e-01
6.1695297657599002e-01 -4.4509635431489408e-01
6.1518046413293359e-01 -4.4013801530582242e-01
6.1335718673950235e-01 -4.3503336068607251e-01
6.1151182699513840e-01 -4.2987085847420636e-01
6.0966880328198736e-01 -4.2470304383274349e-01
6.0781884239592254e-01 -4.1953031432085286e-01
6.0594894970911839e-01 -4.1430800524505268e-01
6.0402392796621007e-01 -4.0893304941600650e-01
6.0194159106097922e-01 -4.0312251549536732e-01
5.9970153249707547e-01 -3.9687722744937021e-01
5.9742143972709916e-01 -3.9052838134191570e-01
5.9512237375068622e-01 -3.8413206674222239e-01
5.9282307287046021e-01 -3.7773482701617506e-01
5.9051956162482899e-01 -3.7133061474815177e-01
5.8821040766523924e-01 -3.6492184273240086e-01
5.8586029660265360e-01 -3.5841475892077945e-01
5.8338355253985641e-01 -3.5157719208702048e-01
5.8081581347770195e-01 -3.4450778066912036e-01
5.7822247365294677e-01 -3.3739638727031573e-01
5.7562233231742788e-01 -3.3029104961582761e-01
5.7300830575387696e-01 -3.2317951907827025e-01
5.7037308195345071e-01 -3.1606112746310600e-01
5.6771506062641564e-01 -3.0893980674234239e-01
5.6498810678711775e-01 -3.0172025731032825e-01
5.6206988700500260e-01 -2.9408635721326720e-01
5.5905224845574009e-01 -2.8627160373310334e-01
5.5599400586823422e-01 -2.7841576872335860e-01
5.5291738468037999e-01 -2.7056030005724091e-01
5.4983216917631206e-01 -2.6270458035163058e-01
5.4671919692925530e-01 -2.5481512102631998e-01
5.4348098274158418e-01 -2.4667076651451664e-01
5.3963416976878253e-01 -2.3720723391647958e-01
6.4107586189553878e-01 -5.1453560628849493e-01
6.4050564278727840e-01 -5.1293665715756520e-01
6.3993324956099951e-01 -5.1133047315942159e-01
6.3936488152792192e-01 -5.0973784160743663e-01
6.3881119822505150e-01 -5.0818273323111252e-01
6.3825669029092968e-01 -5.0662444028586118e-01
6.3767211934133772e-01 -5.0498606846473715e-01
6.3704583938630566e-01 -5.0323494643960431e-01
6.3633474077514807e-01 -5.0124613296551679e-01
6.3551936228128358e-01 -4.9896620256723023e-01
6.3458333590226224e-01 -4.9635204377173453e-01
6.3358255070709169e-01 -4.9355541836074385e-01
6.3253870956201785e-01 -4.9062953698001316e-01
6.3147714150494405e-01 -4.8764670952573863e-01
6.3038839305565719e-01 -4.8458377073779207e-01
6.2925725416706813e-01 -4.8140199186105737e-01
6.2805219587621774e-01 -4.7801318712508434e-01
6.2671332864400031e-01 -4.7425503797728708e-01
6.2531567247384678e-01 -4.7032152792225029e-01
6.2388456422543093e-01 -4.6630227238164884e-01
6.2244564037908356e-01 -4.6227651646203066e-01
6.2098777763730484e-01 -4.5820589759615055e-01
6.1951550174745729e-01 -4.5409338684175166e-01
6.1799609397873589e-01 -4.4985302488334711e-01
6.1635981601649059e-01 -4.4529563149206430e-01
6.1460246908585014e-01 -4.4037909707940637e-01
6.1276493985190461e-01 -4.3523853034249671e-01
6.1092935235255208e-01 -4.3010355465050765e-01
6.0907701881324461e-01 -4.2491242860606587e-01
6.0722615387618972e-01 -4.1973852612096724e-01
6.0535797331753882e-01 -4.1452237591674890e-01
6.0343472982063495e-01 -4.0915357628960891e-01
6.0135195122175888e-01 -4.0334316612860971e-01
5.9911171591019574e-01 -3.9709869347709997e-01
5.9683012005359637e-01 -3.9074711274327489e-01
5.9453045101056212e-01 -3.8435046965436326e-01
5.9223011427245453e-01 -3.7795168957050351e-01
5.8992777253859319e-01 -3.7155190098298024e-01
5.8761993767361864e-01 -3.6514783108380539e-01
5.8527137852229005e-01 -3.5864594577416092e-01
5.8279404688800673e-01 -3.5180807166303291e-01
5.8022294316976408e-01 -3.4473112185409316e-01
5.7763944962499669e-01 -3.3764536937759504e-01
5.7501678541147117e-01 -3.3048021479919842e-01
5.7241226517674404e-01 -3.2339823101047632e-01
5.6977612091958907e-01 -3.1627873270238005e-01
5.6711944307910567e-01 -3.0916252304939362e-01
5.6439593649896647e-01 -3.0195348043884551e-01
5.6147544554330031e-01 -2.9431538528119611e-01
5.5845637049798802e-01 -2.8649863416476379e-01
5.5539654233085067e-01 -2.7864048462290580e-01
5.5231950227856841e-01 -2.7078581595670914e-01
5.4923473137682355e-01 -2.6293288839903572e-01
5.4613248479889220e-01 -2.5507118107097509e-01
5.4289764902427895e-01 -2.4693536901300694e-01
5.3905700976623172e-01 -2.3747573330467997e-01
6.4054746147695774e-01 -5.1470166781672855e-01
6.3998047146960968e-01 -5.1311949533746348e-01
6.3939748000967089e-01 -5.1148033474261045e-01
6.3883001574279386e-01 -5.0989160805499423e-01
6.3828096418576086e-01 -5.0835228660348863e-01
6.3773262983080936e-01 -5.0681270945393619e-01
6.3714782014851057e-01 -5.0517419661126983e-01
6.3652648695157599e-01 -5.0343676592579523e-01
6.3581640782928384e-01 -5.0145112514279799e-01
6.3499946715720235e-01 -4.9916776333986640e-01
6.3405718217539309e-01 -4.9653730117267386e-01
6.3306243024953290e-01 -4.9375763350081553e-01
6.3201695254592971e-01 -4.9082813866253100e-01
6.3095621246318589e-01 -4.8784811536574768e-01
6.2986105016392313e-01 -4.8476842495434008e-01
6.2873063511028582e-01 -4.8158936299886235e-01
6.2752940944195312e-01 -4.7821166645446372e-01
6.2620387713124270e-01 -4.7448649746138749e-01
6.2478980981175014e-01 -4.7051304300304181e-01
6.2335717942196989e-01 -4.6649023633106956e-01
6.2191971057828432e-01 -4.6246915624521268e-01
6.2046191409728313e-01 -4.5839935650681080e-01
6.1898684637989965e-01 -4.5427974357174589e-01
6.1747539965289422e-01 -4.5006116201972340e-01
6.1585698055092886e-01 -4.4554489928303409e-01
6.1406226810816256e-01 -4.4053178701534790e-01
6.1223333566390292e-01 -4.3541893322514502e-01
6.1038862272137140e-01 -4.3025573366127445e-01
6.0854478084141539e-01 -4.2509222293207183e-01
6.0669774603300608e-01 -4.1992985357113277e-01
6.0483112153760554e-01 -4.1471850094971413e-01
6.0291096045930914e-01 -4.0935832577802450e-01
6.0082955012589701e-01 -4.0355191221752335e-01
5.9858603894745044e-01 -3.9729956602642047e-01
5.9630455618692091e-01 -3.9094882368504441e-01
5.9400351084620784e-01 -3.8454909094309303e-01
5.9170259857937579e-01 -3.7814931035296045e-01
5.8940025809489005e-01 -3.7175004348420904e-01
5.8709452889528257e-01 -3.6535199688648767e-01
5.8474828899686693e-01 -3.5885647433072798e-01
5.8226985379739216e-01 -3.5201633152647177e-01
5.7969518392306763e-01 -3.4493069271098303e-01
5.7709578909341308e-01 -3.3779794971916710e-01
5.7450456633340019e-01 -3.3071834819886703e-01
5.7188244653234765e-01 -3.2359392875494142e-01
5.6924619457457737e-01 -3.1647472671943594e-01
5.6659082804877303e-01 -3.0936263455836671e-01
5.6387046215058456e-01 -3.0216232613489513e-01
5.6095192306720787e-01 -2.9452974746651867e-01
5.5793150929350255e-01 -2.8671040354209509e-01
5.5487056907496179e-01 -2.7885023096237138e-01
5.5179353543231979e-01 -2.7099634275632878e-01
5.4870926083921623e-01 -2.6314529494957378e-01
5.4561319502735406e-01 -2.5529889076534984e-01
5.4237976869040905e-01 -2.4716666905774312e-01
5.3854179155048643e-01 -2.3770886587309240e-01
