9 1
56 56 1
1 1 1
1 0 0 0
3 3
2 4
2 3
56 56 1
1 1 1
1 0 0 0
6 1
1 4
1 3
56 28 1
1 1 1
0 0 0 3
4 1
5 1
1 2
84 28 1
1 1 1
0 0 0 3
3 1
7 1
6 4
84 28 1
1 1 1
0 0 0 3
3 2
7 2
6 3
84 56 1
1 1 1
0 0 0 0
2 2
9 1
5 3
4 3
56 28 1
1 1 1
0 0 0 3
4 2
5 2
8 1
84 56 1
1 1 1
0 2 0 0
7 3
9 4
9 3
84 56 1
1 1 1
0 2 0 0
6 2
8 4
8 3
4
5 0
1 56 1
2 56 56
3 1 1
4 1 1
6 1 56
5 0
1 56 56
2 56 1
3 56 1
5 1 1
6 1 1
5 0
8 1 1
9 1 56
7 1 1
4 84 1
6 84 56
5 0
8 1 56
9 1 1
7 56 1
5 84 1
6 84 1
100000 10000 10000
1.000000 0.030000 1 0
300.000000 100000.000000 99625.000000 50.000000 40.000000 1.000000 -1.000000 0.005000 500 0
1.400000 1005.000000  1.82000e-03 273.000000 110.400000 0.720000
1.000000 1.000000
0 0
1
2
1
 2
15 150 177 183 2 5.000000 10000.000000
0 100000.000000 -1.000000