1630
2.412147
1.000000	0.000000
0.999998041485014	0.000074449604447
0.999981977988859	0.000210044439280
0.999953076798918	0.000345218847902
0.999909132188281	0.000487965736469
0.999851231236703	0.000633710217906
0.999781806098903	0.000778492165126
0.999695688095399	0.000931415552076
0.999597225388956	0.001085641870678
0.999481914904278	0.001246497960108
0.999354488672446	0.001407579209955
0.999212946519384	0.001571524826294
0.999054773139945	0.001740605283624
0.998885211175627	0.001909042764048
0.998701887463259	0.002079326035648
0.998502070054536	0.002253612572936
0.998291503421235	0.002426765085418
0.998067512164628	0.002601071139257
0.997827159129355	0.002778520006836
0.997576543540499	0.002954499458318
0.997312768551735	0.003131098896379
0.997035908663174	0.003308163603239
0.996746033692807	0.003485548911572
0.996443209425657	0.003663119410192
0.996124227606808	0.003842551280739
0.995795659308949	0.004020065689177
0.995454322449008	0.004197411498288
0.995100271516873	0.004374485674041
0.994733559180550	0.004551192691185
0.994350838980145	0.004728994813178
0.993958935623854	0.004904665434175
0.993554521578311	0.005079727724831
0.993134190251154	0.005255535396055
0.992701409329005	0.005430527780249
0.992259712941131	0.005603315096733
0.991802191949228	0.005776575407619
0.991332363000229	0.005948893106367
0.990850271419738	0.006120239018639
0.990355961445069	0.006290590107900
0.989849476252163	0.006459929324001
0.989330857949240	0.006628245399891
0.988800147589476	0.006795532665167
0.988257385148859	0.006961790797272
0.987706192695438	0.007125971956954
0.987139449264495	0.007290217171798
0.986560766639582	0.007453460803392
0.985973784776566	0.007614743732250
0.985374946044864	0.007775111833578
0.984767898696921	0.007933655299037
0.984212788048647	0.008075112673770
0.983498258620060	0.008253270792842
0.982820640221651	0.008417787571154
0.982128289762670	0.008581897706104
0.981435102707676	0.008742437822010
0.980713373824201	0.008905843588251
0.979976980963480	0.009068888011671
0.979225945660558	0.009231592745497
0.978460288459324	0.009393980732851
0.977666089678323	0.009558941274520
0.976871234721754	0.009720710801281
0.976047852317240	0.009884991594572
0.975223869606536	0.010046234698648
0.974371370066730	0.010209924847872
0.973504328192059	0.010373318343972
0.972622755757921	0.010536423305545
0.971726662493846	0.010699239787183
0.970802042787769	0.010864236992080
0.969876921003210	0.011026395586807
0.968923266752963	0.011190598891741
0.967955094489313	0.011354323933488
0.966958360855847	0.011519820320705
0.965947089959175	0.011684615625123
0.964921274847323	0.011848609589451
0.963867037080373	0.012015096508000
0.962784910114530	0.012187433961731
0.961702801758966	0.012359888322233
0.960578129153580	0.012536504566520
0.959452859029360	0.012709272442980
0.958284841037127	0.012884899349239
0.957116493025484	0.013058318847817
0.955919908703763	0.013235355095966
0.954695289708015	0.013417367474652
0.953470908730812	0.013600973876001
0.952218658107977	0.013790639393382
0.950952590196783	0.013984098864590
0.949672650405010	0.014180983528650
0.948364715959907	0.014383076901396
0.947056867741576	0.014585727595044
0.945735015602841	0.014790937516471
0.944385091643279	0.015000852743194
0.943035225917935	0.015211142113900
0.941671368376599	0.015424066261085
0.940279470544352	0.015641895487516
0.938887656946673	0.015860262282341
0.937481866339614	0.016081355003502
0.936062091941100	0.016305129402318
0.934628323830586	0.016531521666504
0.933194607503495	0.016758241645488
0.931746877893423	0.016987454609349
0.930271074648376	0.017221355797256
0.928809360961223	0.017453245598595
0.927319571813296	0.017689811669090
0.925829817828246	0.017926599073613
0.924326045327692	0.018165845244496
0.922822307445763	0.018405308908999
0.921304547701545	0.018647209926648
0.919786814528488	0.018889277602789
0.918255048278573	0.019133712063009
0.916723294460013	0.019378224413574
0.915191545574182	0.019622767663743
0.913645742280478	0.019869543995539
0.912099932060605	0.020116276937676
0.910540058319928	0.020365185856319
0.908980171684263	0.020614013950424
0.907420271192821	0.020862755167968
0.905846303215846	0.021113647427707
0.904272320706771	0.021364448503565
0.902684269576072	0.021617393423733
0.901096202008990	0.021870235130354
0.899508116004882	0.022122961008645
0.897920008763140	0.022375553396488
0.896317822489467	0.022630223974608
0.894715607307630	0.022884712617680
0.893113359415986	0.023138995238993
0.891511075361258	0.023393049889015
0.889894696649915	0.023649083632381
0.888292332114596	0.023902630181240
0.886675868788416	0.024158129165340
0.885045304977579	0.024415569565822
0.883428753887476	0.024670512675065
0.881812159541754	0.024925181356683
0.880181464600873	0.025181789835172
0.878550726707228	0.025438125208865
0.876934004714453	0.025691982283679
0.875303181542585	0.025947774550392
0.873672314838282	0.026203289118065
0.872041403558071	0.026458519009329
0.870410446318486	0.026713455047832
0.868793502119050	0.026965892904512
0.867162448546562	0.027220211885772
0.865531344212118	0.027474205095279
0.863914249691675	0.027725678208992
0.862283040588908	0.027978997697244
0.860651777727986	0.028231970776170
0.859034524168191	0.028482419050932
0.857403153870173	0.028734698362591
0.855757665848440	0.028988801849250
0.854126188705918	0.029240389277857
0.852480594225031	0.029493802412043
0.850834947313131	0.029746874839794
0.849189248518498	0.029999609661050
0.847543498182164	0.030252008637174
0.845911763281391	0.030501918851731
0.844265910250501	0.030753647303788
0.842620005069632	0.031005034551844
0.840988115269584	0.031253931282156
0.839356172637242	0.031502481370866
0.837724176205988	0.031750677966772
0.836106194628991	0.031996379072141
0.834474088163167	0.032243851062750
0.832841925145013	0.032490949796379
0.831223776015405	0.032735544995139
0.829591498567960	0.032981886702515
0.827959163129993	0.033227843854002
0.826326769591069	0.033473415099660
0.824694317996983	0.033718600123250
0.823061808497229	0.033963399298638
0.821429241299159	0.034207813388001
0.819796616600104	0.034451843090211
0.818178009634584	0.034693390000182
0.816559346327894	0.034934559066054
0.814940626569462	0.035175348938422
0.813335926643870	0.035413668280104
0.811731170524251	0.035651608937785
0.810126357594500	0.035889166132500
0.808521487084661	0.036126334020605
0.806930636672178	0.036361030616955
0.805325648726199	0.036597402472941
0.803734679891831	0.036831294960848
0.802129570364257	0.037066839789230
0.800524398194855	0.037301957352637
0.798919162381839	0.037536640004425
0.797313862003196	0.037770880601201
0.795708496238390	0.038004672655104
0.794103064369604	0.038238010346882
0.792511649399404	0.038468847785994
0.790906084176444	0.038701266114548
0.789314536077794	0.038931183885241
0.787722921110552	0.039160638299282
0.786131238916549	0.039389625909997
0.784539489133189	0.039618143218432
0.782947671359031	0.039846186432582
0.781369872925805	0.040071739598523
0.779777918323331	0.040298825658312
0.778185894093354	0.040525423069409
0.776593799491354	0.040751525511948
0.775001633664703	0.040977125860867
0.773409395654183	0.041202216188868
0.771817084409258	0.041426787866166
0.770224698803641	0.041650831663240
0.768632237656349	0.041874337894312
0.767053793351071	0.042095325924333
0.765461178171774	0.042317731935904
0.763896673801344	0.042535648961478
0.762317996247591	0.042754964532085
0.760753335120758	0.042971753174849
0.759188594447719	0.043187966923159
0.757637871158286	0.043401657549840
0.756072969447342	0.043616702653922
0.754507985666392	0.043831149682941
0.752957019182162	0.044043067999779
0.751391869961761	0.044256304215897
0.749826636723713	0.044468922836401
0.748261318889925	0.044680917760365
0.746695915893698	0.044892282917689
0.745130427166708	0.045103012169743
0.743564852115261	0.045313099131800
0.741999190111826	0.045522537108604
0.740447546731989	0.045729441054663
0.738895816592817	0.045935693322086
0.737343998934427	0.046141286073981
0.735806201582549	0.046344351091613
0.734268316654758	0.046546751801771
0.732730343268296	0.046748479249865
0.731206391586010	0.046947682837699
0.729668239349730	0.047148042025204
0.728144108610125	0.047345870972839
0.726605773790567	0.047544823467768
0.725067345874733	0.047743054802309
0.723528823973689	0.047940555378911
0.721990207240917	0.048137315818542
0.720451494887281	0.048333327083076
0.718912686178112	0.048528580466527
0.717387899289898	0.048721286901495
0.715848896829873	0.048915007216288
0.714309796210213	0.049107946115354
0.712784718499370	0.049298337314954
0.711259543538959	0.049487947907231
0.709734270963854	0.049676771663753
0.708208900442188	0.049864802547832
0.706683431667388	0.050052034657217
0.705157864349899	0.050238462143114
0.703646325197352	0.050422364188115
0.702120560856697	0.050607172281051
0.700608825929868	0.050789458014161
0.699096993119076	0.050970930144513
0.697585062095680	0.051151582197927
0.696073032512843	0.051331407473352
0.694560903997029	0.051510398934613
0.693048676158038	0.051688549318201
0.691550482951962	0.051864198010792
0.690038056167742	0.052040651477793
0.688539665049766	0.052214603805979
0.687041174826732	0.052387700336442
0.685542585101055	0.052559933312500
0.684043895500062	0.052731295052484
0.682545105672902	0.052901777974664
0.681060356257770	0.053069778929004
0.679561366042049	0.053238490856261
0.678062274801327	0.053406302763700
0.676563082361421	0.053573208178669
0.675063788606056	0.053739201034921
0.673564393470496	0.053904275638621
0.672064896941318	0.054068426668451
0.670565299059282	0.054231649207193
0.669065599908592	0.054393938661468
0.667565799619360	0.054555290775596
0.666080048834976	0.054714192614395
0.664580047731885	0.054873667095726
0.663094098424109	0.055030701644604
0.661608050651538	0.055186801659533
0.660136058878390	0.055340490364253
0.658649815799729	0.055494719788103
0.657163474944797	0.055648004073980
0.655677036534747	0.055800339442628
0.654190500784862	0.055951722009199
0.652703867894939	0.056102147637916
0.651217138057235	0.056251612065498
0.649730311450229	0.056400110779806
0.648243388246945	0.056547639155779
0.646756368613898	0.056694192378714
0.645283416178722	0.056838383787930
0.643796205103157	0.056982981374635
0.642308898109869	0.057126589035074
0.640835661586082	0.057267848353683
0.639362331357879	0.057408126988171
0.637888907661437	0.057547420455704
0.636415390752449	0.057685724410692
0.634941780927852	0.057823034836680
0.633468078511217	0.057959347932424
0.631994283870262	0.058094660285306
0.630534569827799	0.058227682144347
0.629060592859965	0.058360993742820
0.627586524987746	0.058493296406013
0.626112366723033	0.058624588070060
0.624638118617690	0.058754867064893
0.623163781243803	0.058884131924910
0.621689355206828	0.059012381523369
0.620214841124178	0.059139614856548
0.618740239636658	0.059265831162909
0.617279731496517	0.059389830753472
0.615804957970828	0.059514020751058
0.614344280730478	0.059636012266610
0.612883520301706	0.059757003596844
0.611436860650221	0.059875833868864
0.609975936513988	0.059994832209879
0.608514931040671	0.060112827745627
0.607053844829353	0.060229819306808
0.605592678464663	0.060345805508866
0.604131432524729	0.060460784859760
0.602670107573932	0.060574755636143
0.601208704173163	0.060687716046430
0.599747222876586	0.060799664139154
0.598285664236548	0.060910597910092
0.596824028808235	0.061020515319744
0.595376508888883	0.061128361940609
0.593914722297985	0.061236250454425
0.592467053808815	0.061342084103303
0.591019312254687	0.061446913546512
0.589571498232267	0.061550737327568
0.588123612347071	0.061653554094685
0.586675655235263	0.061755362877890
0.585227627545474	0.061856162864537
0.583793727324347	0.061954980153017
0.582345561197427	0.062053771345247
0.580897326565140	0.062151553153254
0.579449024164179	0.062248326025848
0.578000654738758	0.062344090533847
0.576552219054328	0.062438847607969
0.575103717883086	0.062532598296244
0.573655152006540	0.062625343843998
0.572206522212720	0.062717085635251
0.570757829289656	0.062807825095802
0.569309074025161	0.062897563716328
0.567860257204816	0.062986302975865
0.566411379604535	0.063074044275497
0.564962441996559	0.063160788982141
0.563527651276004	0.063245702437781
0.562078596487674	0.063330467155429
0.560629483929971	0.063414238461317
0.559180314324669	0.063497017038361
0.557731088388463	0.063578803491036
0.556281806821128	0.063659598152742
0.554832470316391	0.063739401259283
0.553383079558990	0.063818212888092
0.551933635225649	0.063896032975502
0.550484137991213	0.063972861420120
0.549034588526696	0.064048698042111
0.547584987503006	0.064123542657868
0.546135335594422	0.064197395140619
0.544685633476926	0.064270255393019
0.543235881833287	0.064342123455893
0.541786081354605	0.064412999539677
0.540336232736318	0.064482883952980
0.538886336687573	0.064551777318708
0.537436393921563	0.064619680355697
0.536000620960585	0.064685942881975
0.534550587384557	0.064751878270836
0.533114725947779	0.064816195067160
0.531678821580729	0.064879546195212
0.530242875012664	0.064941933433861
0.528806886977526	0.065003358811206
0.527385076515026	0.065063230488071
0.525949008144806	0.065122748101300
0.524512900504791	0.065181310522055
0.523076754326712	0.065238920089099
0.521640570333807	0.065295579120741
0.520204349246446	0.065351289923277
0.518768091774814	0.065406054680144
0.517331798619907	0.065459875464005
0.515895470477023	0.065512754254889
0.514459108025909	0.065564692776153
0.513022711942275	0.065615692680381
0.511600505117275	0.065665264263818
0.510164044062083	0.065714400149776
0.508727551329756	0.065762601050805
0.507291027555135	0.065809867762650
0.505854473370470	0.065856201021335
0.504417889399720	0.065901601363207
0.502981276263052	0.065946069233364
0.501544634578427	0.065989605028267
0.500107964960659	0.066032209074979
0.498671268024453	0.066073881707458
0.497234544385174	0.066114623321255
0.495797794658492	0.066154434336499
0.494361019462417	0.066193315302113
0.492924219417373	0.066231266899631
0.491487395145219	0.066268289899366
0.490050547272346	0.066304385353734
0.488613676426289	0.066339554392849
0.487176783237097	0.066373798391690
0.485739868336662	0.066407118905129
0.484317159547242	0.066439201330736
0.482880203320282	0.066470689211138
0.481443227272531	0.066501259123486
0.480006232033435	0.066530913180301
0.478569218230954	0.066559653573195
0.477132186489525	0.066587482504456
0.475695137427853	0.066614402192674
0.474258071662557	0.066640414836000
0.472820989801499	0.066665522508866
0.471383892449231	0.066689727236265
0.469946780203558	0.066713030873499
0.468509653654841	0.066735435088486
0.467072513390399	0.066756941445014
0.465635359988133	0.066777551172222
0.464198194023411	0.066797265404213
0.462761016065400	0.066816084988087
0.461323826678765	0.066834010562094
0.459886626425937	0.066851042628767
0.458463645720963	0.066867025993192
0.457026425502080	0.066882280477267
0.455589196081131	0.066896641801985
0.454151958012120	0.066910109860109
0.452714711849017	0.066922684507786
0.451277458145752	0.066934365552145
0.449840197456520	0.066945152817290
0.448402930336634	0.066955046213241
0.446965657341754	0.066964045682937
0.445528379028395	0.066972151331317
0.444091095953748	0.066979363392235
0.442653808675032	0.066985682220236
0.441216517749492	0.066991108431317
0.439779223734153	0.066995642713975
0.438341927184482	0.066999286016564
0.436918859341619	0.067002016500192
0.435481559396765	0.067003889974696
0.434044258569548	0.067004876114026
0.432606957408634	0.067004976342141
0.431169656458396	0.067004192186921
0.429718125572500	0.067002504281526
0.428280826684474	0.066999947251383
0.426843529631507	0.066996510413412
0.425406234948341	0.066992195159811
0.423968943166734	0.066987002728400
0.422531654817753	0.066980934271135
0.421094370430681	0.066973990649964
0.419671321004688	0.066966254318348
0.418248276494745	0.066957661249145
0.416825237414896	0.066948211671663
0.415402204280501	0.066937905627407
0.413979177609101	0.066926742851057
0.412556157919307	0.066914722983338
0.411133145733608	0.066901845372841
0.409710141575851	0.066888109274374
0.408287145973513	0.066873513783901
0.406864159456717	0.066858057882332
0.405426952838839	0.066841572999498
0.403989756583110	0.066824208236451
0.402552571241586	0.066805962502870
0.401115397368106	0.066786834807010
0.399678235516892	0.066766824201777
0.398241086241536	0.066745929936142
0.396803950095198	0.066724151376676
0.395366827628963	0.066701488081041
0.393929719391469	0.066677939830217
0.392492625929177	0.066653506539625
0.391055547783656	0.066628188417067
0.389618485494650	0.066601985761443
0.388181439596293	0.066574899116621
0.386744410620565	0.066546929115156
0.385307399095319	0.066518076511777
0.383870405545764	0.066488342137983
0.382447657878883	0.066458034264500
0.381010701658850	0.066426547561425
0.379573764976946	0.066394181520778
0.378136848356382	0.066360936783623
0.376699952321872	0.066326813903233
0.375263077403534	0.066291813154106
0.373826224133980	0.066255934695922
0.372375167116698	0.066218810041351
0.370923925291535	0.066188636561588
0.369472693615533	0.066157710932509
0.368021472730676	0.066126020683634
0.366570200669495	0.066095758979118
0.365118939860047	0.066064641260634
0.363667690458204	0.066032676962149
0.362216452805512	0.065999871816192
0.360779454207752	0.065966570466968
0.359342530796795	0.065930448761698
0.357905618519694	0.065893624674964
0.356468717495023	0.065856099736503
0.355031827790622	0.065817882110209
0.353609175829927	0.065779351331230
0.352172238190067	0.065741797479645
0.350735311467727	0.065703486616070
0.349284170534670	0.065664020046964
0.347847267109519	0.065624189981587
0.346396150637160	0.065583174510344
0.344945114659394	0.065539594611016
0.343494091559956	0.065495308867588
0.342043081661116	0.065450314243523
0.340592085596826	0.065404600070912
0.339141103578120	0.065358178566862
0.337690062502759	0.065312818357962
0.336239036847365	0.065266661887949
0.334788026397881	0.065219722681189
0.333337030740136	0.065172004519611
0.331886116208194	0.065122013566732
0.330435213690445	0.065071375478661
0.328984323069203	0.065020092997969
0.327533444796152	0.064968155958286
0.326082578988885	0.064915578989835
0.324631654933702	0.064863856610980
0.323194966231127	0.064811949081767
0.321744071148357	0.064758730226281
0.320293255367660	0.064703443582261
0.318842452607153	0.064647486220448
0.317391662592962	0.064590862824419
0.315940886013526	0.064533559344203
0.314490122788301	0.064475600464710
0.313039303017216	0.064418291483439
0.311588498305611	0.064360239167870
0.310137709057198	0.064301439263135
0.308686935604133	0.064241865531696
0.307236242491692	0.064180383635879
0.305785563858221	0.064118213439904
0.304334901201411	0.064055350402472
0.302898468858835	0.063992486145068
0.301447836039223	0.063928252449421
0.299997213942191	0.063863390921807
0.298546607771624	0.063797832732489
0.297096018178112	0.063731570333771
0.295645446816189	0.063664580527293
0.294194894407692	0.063596858102252
0.292744357248666	0.063528462984737
0.291293841433655	0.063459300345560
0.289843347687985	0.063389362982610
0.288392876255920	0.063318650180609
0.286942427746195	0.063247157873017
0.285491997389402	0.063174956276179
0.284041591543557	0.063101949792364
0.282591210978606	0.063028127293620
0.281140858943291	0.062953430252977
0.279704801784091	0.062877909236046
0.278254497419223	0.062801676468836
0.276804219103018	0.062724597562521
0.275353969500721	0.062646647716162
0.273918007455307	0.062568026880056
0.272467798185831	0.062488649153188
0.271017610742710	0.062408485381473
0.269567445130935	0.062327529379633
0.268103099778860	0.062244884578858
0.266652978029132	0.062162376842341
0.265188681940408	0.062078100551019
0.263724414315985	0.061992955304648
0.262260175418029	0.061906936441744
0.260781767159889	0.061819150067682
0.259317536671122	0.061732110370053
0.257867595636572	0.061644483994543
0.256403492559222	0.061555005426367
0.254953623879765	0.061465627555977
0.253503793414772	0.061375374848428
0.252053998667101	0.061284260338116
0.250604238555063	0.061192300733060
0.249154515795900	0.061099468679915
0.247704831905305	0.061005752601979
0.246255186360173	0.060911161664718
0.244805579659325	0.060815749860389
0.243355952757209	0.060720064339794
0.241892173696687	0.060622411111628
0.240442625462776	0.060524896678384
0.238978929582750	0.060425286509192
0.237515329745555	0.060324144021923
0.236051771815229	0.060222030787766
0.234574069081297	0.060117856247311
0.233110599163393	0.060013844524247
0.231647177038750	0.059908930645511
0.230183745987728	0.059803582715094
0.228720364176318	0.059697213671514
0.227257036285262	0.059589829738873
0.225807942907289	0.059482589417750
0.224344715688563	0.059373092040424
0.222881591388967	0.059262065168745
0.221418518163541	0.059150046396884
0.219955496260784	0.059037041171375
0.218492527877934	0.058923038273516
0.217029614637193	0.058808110423109
0.215566700172242	0.058692690281229
0.214103849323932	0.058576251533839
0.212655236190816	0.058460019628032
0.211192509602610	0.058341477032102
0.209729840912723	0.058221910371664
0.208267231569020	0.058101275619757
0.206804727918648	0.057979266729518
0.205342274380087	0.057856357402624
0.203879868213138	0.057732563751500
0.202417509385570	0.057607879083685
0.200955196645719	0.057482387055753
0.199492875339016	0.057356431078169
0.198030596474149	0.057229590606963
0.196568361552314	0.057101913606283
0.195120324657089	0.056974776092778
0.193658150260979	0.056845476062172
0.192195992513383	0.056715362069470
0.190733898383814	0.056584191542295
0.189271816865923	0.056452335124806
0.187809750845244	0.056319760507162
0.186347703117902	0.056186437331225
0.184885677474161	0.056052423820395
0.183423626033779	0.055917975228467
0.181961596487931	0.055782761720111
0.180499586394259	0.055646812528280
0.179037593331189	0.055510154351721
0.177575615703094	0.055372677368883
0.176113721677577	0.055234063757541
0.174651850227098	0.055094820610159
0.173204147917029	0.054956614956747
0.171756378769552	0.054818305171456
0.170308621390038	0.054679482022966
0.168860805855386	0.054540432748774
0.167412998116925	0.054400735799183
0.165965194954210	0.054260211884464
0.164517482473797	0.054118513129256
0.163069772908781	0.053976149466070
0.161622063869559	0.053833108770620
0.160174355567612	0.053689357515392
0.158726651137151	0.053544831185133
0.157278961224759	0.053399406708012
0.155831305754849	0.053252889940470
0.154383715970265	0.053105026851833
0.152936226814600	0.052955553433276
0.151488882495611	0.052804325726077
0.150055836217260	0.052652783867935
0.148622983399244	0.052499124179991
0.147190336411424	0.052343230259266
0.145757920571414	0.052184974216529
0.144325758174796	0.052024246848841
0.142893872064014	0.051860964472639
0.141462275113144	0.051695095306476
0.140030978256257	0.051526618044307
0.138599990253737	0.051354762691913
0.137169607071328	0.051179052980891
0.135739518759852	0.051000762984078
0.134295642982092	0.050818032270083
0.132866209316677	0.050634460896560
0.131437132694936	0.050448836569221
0.130008146697399	0.050261297094256
0.128593713750517	0.050072138736567
0.127179764642334	0.049879181954346
0.125766355800689	0.049681428969403
0.124381967558137	0.049482964992325
0.122983899240136	0.049279370434255
0.121600330534889	0.049074577996138
0.120217232961692	0.048866228106070
0.118848731939126	0.048657217091020
0.117466348062442	0.048444111437394
0.116084268572704	0.048227799548856
0.114702811134574	0.048009839489490
0.113321094020663	0.047792871252517
0.111939267508820	0.047574709707827
0.110557916083207	0.047351984153464
0.109177547348754	0.047124187415745
0.107797794120209	0.046892537234120
0.106418692558239	0.046652686136794
0.105055774341437	0.046400803245151
0.103709591059041	0.046142802564056
0.102363630518052	0.045887389849865
0.101016620516192	0.045621645633712
0.099688318541289	0.045311862546797
0.098371580145935	0.044941693017940
0.097064889497579	0.044506891394739
0.095785982649815	0.044013706659871
0.094517283685095	0.043484756464551
0.093252805018890	0.042960485906190
0.091994819456910	0.042480283721076
0.090729580702946	0.042044182008291
0.089454217062599	0.041652916706980
0.088188651680865	0.041286985708478
0.086919750452427	0.040935929290956
0.085664233344935	0.040592311095050
0.084421911542914	0.040255445341357
0.083180167515594	0.039917751189193
0.081965924102770	0.039589760080591
0.080751143374188	0.039265795818326
0.079535886153893	0.038945275622751
0.078334229930220	0.038630834937555
0.077132143761604	0.038319566326806
0.075943666374730	0.038014084227294
0.074754844794883	0.037711329421679
0.073565711138752	0.037410956189845
0.072390266930749	0.037115731255762
0.071200627924803	0.036819417996439
0.070038721215911	0.036530537893463
0.068862675610887	0.036240193017514
0.067714412986342	0.035956785389459
0.066566054702076	0.035674327950777
0.065431567471855	0.035395584620892
0.064297063049785	0.035117290193296
0.063190426368083	0.034845252811238
0.062097776552452	0.034576280440897
0.061019102962859	0.034310375004155
0.059940575352418	0.034044096587038
0.058889999861308	0.033783594929118
0.057839670762801	0.033522286502909
0.056817333121774	0.033266575860758
0.055795270343102	0.033009927893353
0.054787409624695	0.032755310245701
0.053793778646915	0.032502635480396
0.052814338009541	0.032252055543237
0.051835327005570	0.031999902031247
0.050884522315119	0.031752508691904
0.049934146050251	0.031503591589689
0.048998123254848	0.031256153526273
0.048062732026865	0.031006439516492
0.047141740225894	0.030758088742889
0.046235121998797	0.030511217444249
0.045342949003084	0.030265577365743
0.044451544245633	0.030017267390055
0.043574549874635	0.029770376728033
0.042712070505225	0.029524563562673
0.041864105813308	0.029279865282671
0.041016952155547	0.029032469525542
0.040198061155939	0.028789950757330
0.039380022093821	0.028544671371540
0.038576547283918	0.028300481995958
0.037787645401645	0.028057395971232
0.037013302617608	0.027815497690171
0.036253525485727	0.027574804407782
0.035521926021564	0.027339509234244
0.034788628477188	0.027100347555941
0.034038961092200	0.026857721836271
0.033296095363236	0.026613234863777
0.032568226308159	0.026369823793301
0.031846140639975	0.026124462973462
0.031129859790029	0.025877145537919
0.030428563986701	0.025631106550186
0.029737653429726	0.025384839598056
0.029052559450502	0.025136749439266
0.028377855675180	0.024888527210882
0.027713535255669	0.024640245964801
0.027055053912450	0.024390243659652
0.026406958654065	0.024140283154421
0.025764723455736	0.023888654705531
0.025132877318862	0.023637168285254
0.024506913834698	0.023384064635417
0.023891343384058	0.023131201148743
0.023281680545243	0.022876767466610
0.022682416354562	0.022622668993216
0.022089087876902	0.022367042611881
0.021501722082069	0.022109881054970
0.020924780042027	0.021853162565319
0.020353836509857	0.021594940435443
0.019788924218356	0.021335199869768
0.019230078706456	0.021073922596002
0.018681718500835	0.020813187154938
0.018135111257435	0.020548796670604
0.017599046671447	0.020284953737388
0.017073527002346	0.020021718664494
0.016549915556019	0.019754708200952
0.016036918686049	0.019488302867872
0.015534539707532	0.019222566579318
0.015038512846051	0.018955246704639
0.014548892689969	0.018686315476166
0.014069962607828	0.018418139712048
0.013597507770586	0.018148381282734
0.013135765655229	0.017879492974607
0.012680553477618	0.017609083878043
0.012236056255821	0.017339699194769
0.011794003138557	0.017066322454380
0.011362688687183	0.016794092578351
0.010933925607799	0.016517861871741
0.010515903554161	0.016242938278021
0.010100525608252	0.015964035952790
0.009691881028283	0.015683861322603
0.009289987543857	0.015402472082454
0.008898802278938	0.015122768421887
0.008510447478642	0.014839148066176
0.008132801851249	0.014557378199895
0.007765821690033	0.014277600945887
0.007405659626964	0.013996934980234
0.007052398600720	0.013715360382503
0.006709894290152	0.013435923183967
0.006378174206939	0.013158683890764
0.006049949913782	0.012877315145398
0.005736417710619	0.012601254712026
0.005430381035088	0.012324093664161
0.005132090652213	0.012045684652287
0.004845294927890	0.011769273723117
0.004566705228862	0.011491431793113
0.004299965264202	0.011215556143253
0.004041893784179	0.010938154176531
0.003792768981249	0.010659170412107
0.003552847026133	0.010378595710678
0.003322349326865	0.010096474517718
0.003104390874602	0.009816775585789
0.002893115917480	0.009531995044859
0.002691611054199	0.009246142777308
0.002497216006719	0.008955409014652
0.002315255369732	0.008668171848193
0.002137947514782	0.008372362007410
0.001972742257371	0.008080741442392
0.001812365559882	0.007780917751627
0.001661418917762	0.007481667660280
0.001519577277615	0.007183365427961
0.001382625251000	0.006877457243798
0.001254528124293	0.006573001522659
0.001132978772135	0.006265878901434
0.001015901561377	0.005951822537554
0.000906293116120	0.005635079029486
0.000804975696872	0.005320695969151
0.000709337395162	0.005004536677545
0.000618080938063	0.004682029637877
0.000533770769626	0.004357640592898
0.000456093736315	0.004031595038829
0.000383991510167	0.003704271264452
0.000318913575417	0.003375489070549
0.000259052427097	0.003045723890388
0.000205665398097	0.002714840049740
0.000158285782836	0.002383046673730
0.000116605290449	0.002050478215329
0.000082107778848	0.001717086788167
0.000053206142804	0.001383167419336
0.000030886167839	0.001053612098345
0.000014417174206	0.000718850876464
0.000004192490087	0.000388699890852
0.000000080842726	0.000053557933022
0.000000000000000	0.000000000000000
0.000002130121679	-0.000276745492367
0.000010426457727	-0.000611809532960
0.000024611802219	-0.000941815214089
0.000045323332806	-0.001276342741264
0.000071789161636	-0.001605590469020
0.000104551149635	-0.001939154076000
0.000143720450328	-0.002267123575968
0.000188226777665	-0.002599312869801
0.000239664500006	-0.002930510197869
0.000296707432168	-0.003260787728274
0.000360204228099	-0.003589892022737
0.000430378279773	-0.003917632842021
0.000506237881417	-0.004244101619433
0.000587857349745	-0.004569175364790
0.000677077827125	-0.004892246354022
0.000771925482749	-0.005213709919047
0.000874036542297	-0.005538041527612
0.000982018830755	-0.005855340036112
0.001097134449351	-0.006170105872607
0.001216016951511	-0.006478268831762
0.001344115167646	-0.006787991899006
0.001479055932663	-0.007094793584031
0.001620988599142	-0.007398423042791
0.001769979953803	-0.007698651481732
0.001928371601331	-0.007999528606215
0.002091629501298	-0.008292243832960
0.002264435178311	-0.008585080020155
0.002446998330948	-0.008877675728803
0.002636748592185	-0.009165662657006
0.002836299487132	-0.009452882285995
0.003045677791571	-0.009739060052468
0.003261836330325	-0.010020152163885
0.003490594853349	-0.010303685196745
0.003728874350257	-0.010585655872193
0.003976460706385	-0.010866005600628
0.004233101496427	-0.011144731468258
0.004501911787564	-0.011425355769261
0.004782787586031	-0.011707779100841
0.005072081280851	-0.011988593936400
0.005369483467791	-0.012267951370145
0.005678321413037	-0.012549252762436
0.005998469880504	-0.012832497842909
0.006326113790596	-0.013114542118931
0.006661041662244	-0.013395516599095
0.007006855377218	-0.013678580408753
0.007359706048857	-0.013960669021303
0.007723322506578	-0.014244803951389
0.008089961749435	-0.014525027792803
0.008471181065278	-0.014810130208896
0.008855307717939	-0.015091303426232
0.009250144933402	-0.015374250576180
0.009651761108457	-0.015656035453737
0.010064152791273	-0.015939334517276
0.010483337463227	-0.016221280952634
0.010909294841469	-0.016501818665084
0.011342002359018	-0.016780895732523
0.011781433701147	-0.017058466995446
0.012231700565115	-0.017337032548396
0.012688670386359	-0.017613953280126
0.013152300311488	-0.017889214050588
0.013626752544648	-0.018165234227058
0.014107808504945	-0.018439521482727
0.014595412739753	-0.018712090585750
0.015089508406610	-0.018982963139824
0.015590038308488	-0.019252165926116
0.016101250370060	-0.019521980175550
0.016623139789673	-0.019792340825744
0.017147024478253	-0.020058814803689
0.017681509683203	-0.020325842562272
0.018226590621715	-0.020593365467220
0.018773497610151	-0.020857135379428
0.019335331640355	-0.021123468716331
0.019898902981666	-0.021386106004535
0.020472977069685	-0.021649175056632
0.021057554972329	-0.021912612350723
0.021648191361379	-0.022174398679220
0.022244853143757	-0.022434549069102
0.022847509731050	-0.022693075308533
0.023460613363833	-0.022951862421846
0.024079678161544	-0.023208989730144
0.024704678501850	-0.023464462394818
0.025335590392157	-0.023718283425203
0.025976912443927	-0.023972230115278
0.026624121075928	-0.024224477366062
0.027277195371395	-0.024475024042327
0.027940664186662	-0.024725572042290
0.028605419708417	-0.024972685998192
0.029280549346499	-0.025219747619489
0.029966060058647	-0.025466683976819
0.030652793405692	-0.025710199584456
0.031354477440611	-0.025955129198176
0.032057346804806	-0.026196636337038
0.032770569934990	-0.026437880515449
0.033480312175502	-0.026674229685659
0.034090907255951	-0.026874453061374
0.035013618129403	-0.027174238183878
0.035813566378983	-0.027433723476807
0.036628270960681	-0.027693976144389
0.037444170602491	-0.027950546204275
0.038261153990896	-0.028203735169495
0.039079169720799	-0.028453661632148
0.039911822048128	-0.028704534848574
0.040745395260858	-0.028952428571067
0.041593586605949	-0.029201250433550
0.042442647087842	-0.029447180894084
0.043306239008181	-0.029694263407389
0.044184377693706	-0.029942402883953
0.045063255558162	-0.030188011012410
0.045970358662481	-0.030438642004498
0.046878212232641	-0.030686641574522
0.047800489011543	-0.030936023721717
0.048737188228332	-0.031186785104113
0.049688316073866	-0.031438873629557
0.050653852487035	-0.031692341305940
0.051633674743009	-0.031947643429707
0.052627924492166	-0.032204246575392
0.053622663988705	-0.032459032212300
0.054631633368891	-0.032715853611577
0.055654859426066	-0.032974595718420
0.056664665208063	-0.033228384089688
0.057702422305778	-0.033488079210042
0.058740535301930	-0.033746542207106
0.059792742858145	-0.034007559584723
0.060845245928327	-0.034267589084843
0.061911755932856	-0.034530553155159
0.062978412832784	-0.034793200540626
0.064072916481754	-0.035062329163195
0.065167612775484	-0.035330995331047
0.066276190085118	-0.035603244718804
0.067398647917088	-0.035879263199635
0.068534898482009	-0.036159413016116
0.069671210491363	-0.036439964984369
0.070821201485833	-0.036725151662793
0.071984995749875	-0.037014930103505
0.073148583985008	-0.037306216388594
0.074325801044831	-0.037603024963996
0.075502783502076	-0.037901808910840
0.076693274542713	-0.038206734345371
0.077897343929529	-0.038517709615880
0.079101070212682	-0.038831401573450
0.080318330757466	-0.039151608981393
0.081535221047690	-0.039474741679018
0.082765393553525	-0.039805511314847
0.083995327889588	-0.040139396509253
0.085225610724427	-0.040473579012799
0.086469508402190	-0.040812385116890
0.087712956378678	-0.041155105207917
0.088968001153786	-0.041510378836023
0.090233150145454	-0.041889386247750
0.091490711000882	-0.042299598168891
0.092753564457586	-0.042764268485366
0.094009342040393	-0.043267962873267
0.095278367320397	-0.043805277877409
0.096555245617391	-0.044319900557307
0.097858436269688	-0.044785261917106
0.099173351643119	-0.045177669594375
0.100513235214907	-0.045516591900362
0.101846589343731	-0.045790507565233
0.103195072051319	-0.046043885889249
0.104529278891494	-0.046300000963161
0.105879217693793	-0.046555984057229
0.107217420942867	-0.046794082423973
0.108570884825384	-0.047023027004265
0.109924962959279	-0.047248224184644
0.111279826352663	-0.047469625451261
0.112635389778557	-0.047685186442915
0.114005226519557	-0.047900036721218
0.115374903514104	-0.048115392351048
0.116758852378389	-0.048334215668646
0.118143294651497	-0.048548864478080
0.119542103748715	-0.048763342374477
0.120941293772469	-0.048975983914014
0.122340988455232	-0.049184795310345
0.123755235432454	-0.049392216335318
0.125155786107643	-0.049594394571960
0.126571099173459	-0.049795016863007
0.127987062769102	-0.049989986695602
0.129389383213772	-0.050179132461522
0.130806284694169	-0.050366568002923
0.132223415967512	-0.050551067447971
0.133626632622618	-0.050732547739098
0.135058469999441	-0.050914959612112
0.136476496431161	-0.051093069287998
0.137908998160378	-0.051270257785502
0.139341970011209	-0.051444634094873
0.140775402863037	-0.051614636288584
0.142223320904365	-0.051783652842419
0.143671548632798	-0.051950012542532
0.145120065097518	-0.052113742190217
0.146568859437360	-0.052274895902709
0.148032083066896	-0.052435124800964
0.149481347248427	-0.052591449350942
0.150930801639776	-0.052745563598228
0.152380407037151	-0.052897677488397
0.153830145383846	-0.053048074968815
0.155279998558498	-0.053196757311199
0.156729930824415	-0.053343989294740
0.158179909383173	-0.053490031762057
0.159629903173992	-0.053635108469481
0.161065709307158	-0.053777959547522
0.162515706272484	-0.053921495239017
0.163951514318715	-0.054062945793918
0.165401520687072	-0.054205129582711
0.166851590359892	-0.054346405154183
0.168301698030488	-0.054486574030018
0.169751812334441	-0.054626096308902
0.171201899638964	-0.054765175946037
0.172666176607373	-0.054905313452918
0.174130423301856	-0.055045074512378
0.175608833340750	-0.055186050865097
0.177073057240717	-0.055325123401217
0.178551541864512	-0.055464588135487
0.180030076627541	-0.055603022662032
0.181522829141281	-0.055742057895788
0.183001400066467	-0.055879022813760
0.184479982204453	-0.056015212928688
0.185944349734495	-0.056149537732008
0.187422923472750	-0.056284580143666
0.188887314261980	-0.056417561987475
0.190351716354853	-0.056549815096185
0.191816127232469	-0.056681371100854
0.193266383961927	-0.056810725952515
0.194730877266278	-0.056940429650507
0.196195410277713	-0.057069266887184
0.197645759883283	-0.057196075998444
0.199110344667956	-0.057323346847669
0.200560768085016	-0.057448512631906
0.202025403803878	-0.057574306592159
0.203490075235176	-0.057699427645020
0.204954793828617	-0.057823655314477
0.206419563828202	-0.057946994018305
0.207898593592045	-0.058070618027422
0.209363509418602	-0.058191811577696
0.210842708430053	-0.058312978483162
0.212321973643524	-0.058433105122389
0.213801314694297	-0.058552068588888
0.215280710582476	-0.058670006670891
0.216760165149338	-0.058786931899537
0.218239630370013	-0.058903232652735
0.219719138263138	-0.059018694304520
0.221184484465893	-0.059132040130117
0.222664096450323	-0.059245479149262
0.224129542793328	-0.059356829655207
0.225595084117082	-0.059466735853349
0.227060692414212	-0.059575361668714
0.228512121344381	-0.059681993671128
0.229977819557593	-0.059788677673450
0.231443570451058	-0.059894335795984
0.232909317624068	-0.059999466449970
0.234360879890162	-0.060102767838910
0.235826698542047	-0.060206228295984
0.237292572137127	-0.060308669197799
0.238758492169959	-0.060410117710109
0.240224503021116	-0.060510125314020
0.241690576418750	-0.060608910106811
0.243156683714194	-0.060706827691436
0.244622840570331	-0.060803743247077
0.246088988813456	-0.060900265587139
0.247555169718040	-0.060996032161658
0.249021389907886	-0.061090903351720
0.250487649808659	-0.061184871253483
0.251953948056174	-0.061277945450957
0.253420279696428	-0.061370152751847
0.254872417694689	-0.061460598292390
0.256338822330946	-0.061551039698108
0.257805256343193	-0.061640694170975
0.259271734434942	-0.061729357594760
0.260738290529178	-0.061816581176520
0.262204816071757	-0.061903665504032
0.263671379484607	-0.061989857294185
0.265137974068009	-0.062075168540591
0.266604599092413	-0.062159608256898
0.268071261124639	-0.062243083580534
0.269537936185354	-0.062325873455425
0.270990408537694	-0.062406975725694
0.272457139763697	-0.062488063457514
0.273923896472267	-0.062568347295970
0.275390619821742	-0.062648643158308
0.276857418355071	-0.062727437677071
0.278324244625139	-0.062805359832741
0.279791095438933	-0.062882432374310
0.281257920966564	-0.062959521324757
0.282724824479880	-0.063034963872167
0.284191755488543	-0.063109547802949
0.285658712272001	-0.063183298846339
0.287125693326366	-0.063256235808330
0.288592693615126	-0.063328443100511
0.290059715999177	-0.063399850886737
0.291512521704628	-0.063469783489181
0.292979587952766	-0.063539614449252
0.294432435009344	-0.063608006447456
0.295885296781518	-0.063675717799243
0.297338176336473	-0.063742693184495
0.298776833075051	-0.063808295572341
0.300229747032075	-0.063873846849672
0.301682677365135	-0.063938709115195
0.303135620622908	-0.064002925425199
0.304588580340767	-0.064066405905430
0.306027310072462	-0.064128635075624
0.307480296640957	-0.064190788785991
0.308933309971034	-0.064252066049049
0.310386392723977	-0.064311582342394
0.311839491264873	-0.064370346862714
0.313292605245028	-0.064428362115858
0.314745721584190	-0.064485857417483
0.316198793749050	-0.064543811279573
0.317651879323886	-0.064601084386352
0.319104978249121	-0.064657677590459
0.320558090010784	-0.064713602019904
0.322011227285026	-0.064768611744265
0.323464432833121	-0.064821752522037
0.324917654149735	-0.064874122790344
0.326370873207425	-0.064926083356391
0.327809802480037	-0.064978117426258
0.329262989334773	-0.065030011810124
0.330716189020446	-0.065081251508338
0.332169400665184	-0.065131844336026
0.333622638130102	-0.065181479347465
0.335075943666872	-0.065229108798498
0.336529264127568	-0.065275966717016
0.337982599888944	-0.065322036648254
0.339435935795175	-0.065367675314843
0.340889227610985	-0.065414035727973
0.342342533474461	-0.065459674604637
0.343795853084616	-0.065504593806639
0.345249185870681	-0.065548802516334
0.346702546106049	-0.065591917561093
0.348155972501549	-0.065632822862051
0.349595162960004	-0.065672555121581
0.351048613715365	-0.065711916265817
0.352487827508219	-0.065750122100686
0.353927036337307	-0.065788031591120
0.355351952777298	-0.065826473929616
0.356791129506333	-0.065864597141928
0.358230317613138	-0.065902023646678
0.359669516981393	-0.065938746702294
0.361108742518918	-0.065974282495680
0.362562278638099	-0.066007771267680
0.364015826535990	-0.066040427096946
0.365469386062063	-0.066072238007866
0.366922956995008	-0.066103197377689
0.368376523681694	-0.066133856142260
0.369830054538536	-0.066165409535160
0.371283596051984	-0.066196198209716
0.372722849637693	-0.066227786981293
0.374176219178616	-0.066264755042788
0.375615362237386	-0.066300475707401
0.377054526882349	-0.066335315849761
0.378493712579140	-0.066369275277778
0.379918669130947	-0.066402030464833
0.381357895146704	-0.066434235923221
0.382797140636079	-0.066465559073270
0.384236405074621	-0.066495999108611
0.385689938353548	-0.066525843402940
0.387129239289221	-0.066554505929854
0.388582808350883	-0.066582553417136
0.390036394575027	-0.066609696915512
0.391489997410717	-0.066635935782635
0.392943616303417	-0.066661269532195
0.394397250693741	-0.066685697889513
0.395850900019960	-0.066709220714190
0.397304563715228	-0.066731838171636
0.398743989405963	-0.066753342057329
0.400183428073358	-0.066773959053104
0.401622879161497	-0.066793689814499
0.403062342113869	-0.066812535182008
0.404487564099563	-0.066830322626400
0.405927049006982	-0.066847408917596
0.407366544116972	-0.066863612917693
0.408820301445116	-0.066879083043710
0.410259815391638	-0.066893517034749
0.411713590623040	-0.066907201769496
0.413167374010127	-0.066919990814821
0.414621164994715	-0.066931884944898
0.416074963021538	-0.066942884714777
0.417528767538392	-0.066952990448715
0.418982577994296	-0.066962202308241
0.420436393840793	-0.066970520100412
0.421875961364117	-0.066977875081358
0.423315533103986	-0.066984352474913
0.424755108528958	-0.066989951475493
0.426194687106236	-0.066994671056710
0.427634268301800	-0.066998509993943
0.429073851580089	-0.067001466978291
0.430513436402193	-0.067003540527337
0.431938768899906	-0.067004721704086
0.433378355183307	-0.067005032600889
0.434803688058771	-0.067004465540312
0.436243273639139	-0.067003007711818
0.437682858041955	-0.067000658983933
0.439122440713558	-0.066997418031427
0.440562021097091	-0.066993283748894
0.442001598634949	-0.066988255097851
0.443455425958381	-0.066982268158054
0.444894996084751	-0.066975439662406
0.446348814781207	-0.066967633892863
0.447802628280741	-0.066958913714319
0.449256436006957	-0.066949278933126
0.450710237384566	-0.066938729565540
0.452164031838631	-0.066927265686791
0.453617818795176	-0.066914887445887
0.455071597680916	-0.066901595044627
0.456511115316933	-0.066887532370927
0.457964876434286	-0.066872421072109
0.459404375351436	-0.066856557525438
0.460843864114940	-0.066839797906110
0.462269089961251	-0.066822321231163
0.463708556848639	-0.066803777577541
0.465148011897632	-0.066784336650210
0.466587454538853	-0.066763997714278
0.468012632482155	-0.066742974374913
0.469452048712050	-0.066720844994782
0.470891450796995	-0.066697813898001
0.472330838144313	-0.066673879422769
0.473770210157014	-0.066649039797342
0.475209566228704	-0.066623293013309
0.476648905750655	-0.066596637015107
0.478088228105773	-0.066569069629012
0.479527532672884	-0.066540588624882
0.480966818827006	-0.066511191782976
0.482406085937587	-0.066480876899390
0.483845333373030	-0.066449641804428
0.485284560498751	-0.066417484492690
0.486723766679248	-0.066384403017927
0.488162951279287	-0.066350395619628
0.489602113663903	-0.066315460723634
0.491027004406840	-0.066279956500219
0.492466120697177	-0.066243171696052
0.493905212883277	-0.066205455652225
0.495344280338873	-0.066166807505227
0.496769074625113	-0.066127623025706
0.498208091010734	-0.066087117914357
0.499661328096114	-0.066045263998795
0.501100290412889	-0.066002881530749
0.502539224898318	-0.065959564449412
0.503992377384976	-0.065914869616436
0.505445500218365	-0.065869220858946
0.506898592756916	-0.065822617721932
0.508351654356952	-0.065775059700103
0.509804684365768	-0.065726546070874
0.511257682127403	-0.065677076034064
0.512710646975886	-0.065626648566292
0.514163578235821	-0.065575262433975
0.515602231306156	-0.065523434143938
0.517040850097724	-0.065470662935549
0.518479433929042	-0.065416947102161
0.519903739230494	-0.065362830565102
0.521342251409948	-0.065307228933393
0.522780726526234	-0.065250676526245
0.524219163856421	-0.065193171037014
0.525657562674954	-0.065134710139046
0.527110163233294	-0.065074698386265
0.528548482424272	-0.065014310108178
0.530001001061933	-0.064952347186717
0.531453477399556	-0.064889400508064
0.532905910676874	-0.064825467936407
0.534372539031658	-0.064759906235401
0.535824883483959	-0.064693986652929
0.537277182616067	-0.064627076032658
0.538729435690629	-0.064559173108383
0.540181641977158	-0.064490276794347
0.541633800758472	-0.064420386353066
0.543085911321133	-0.064349501138006
0.544537972965123	-0.064277620810210
0.545989984995806	-0.064204745153438
0.547441946725949	-0.064130874102204
0.548879623306675	-0.064056746565164
0.550331482908844	-0.063980894790804
0.551783290185551	-0.063904048017316
0.553220811837127	-0.063826974410347
0.554672512966743	-0.063748147869761
0.556124159746096	-0.063668326691440
0.557575751488620	-0.063587510822968
0.559027287497626	-0.063505700033646
0.560492996981629	-0.063422077259939
0.561958648178209	-0.063337439038462
0.563424240341164	-0.063251784670754
0.564889772707631	-0.063165113217153
0.566355244503538	-0.063077423576002
0.567820654945039	-0.062988714522717
0.569286003233388	-0.062898984645949
0.570751288565935	-0.062808232497126
0.572202284987088	-0.062717352502177
0.573667442598561	-0.062624561170655
0.575118310939718	-0.062531658831770
0.576569114361707	-0.062437748139957
0.578019852079421	-0.062342827846822
0.579456301375161	-0.062247842308544
0.580906906026735	-0.062150909698136
0.582357442689066	-0.062052964938307
0.583807910622046	-0.061954007579646
0.585258309112459	-0.061854037577247
0.586722856018007	-0.061752060076140
0.588173112852583	-0.061650055702154
0.589637515359271	-0.061546025206687
0.591101844325289	-0.061440964644498
0.592566099124947	-0.061334875423975
0.594030279141901	-0.061227759062689
0.595508598021428	-0.061118562408556
0.596986839456863	-0.061008322337079
0.598465002862899	-0.060897040904293
0.599943087663410	-0.060784720239845
0.601421093284628	-0.060671362447365
0.602899019155350	-0.060556969597832
0.604376864701380	-0.060441543685660
0.605854629341983	-0.060325086549933
0.607318104389758	-0.060208734519936
0.608795706240573	-0.060090229827442
0.610244812353694	-0.059973006919789
0.611708044075879	-0.059853633847058
0.613171193476484	-0.059733255973810
0.614620055803244	-0.059613057436142
0.616083039493759	-0.059490682121260
0.617545938975834	-0.059367304249102
0.619022955275584	-0.059241711952379
0.620499884416098	-0.059115098816975
0.621976725748523	-0.058987465557631
0.623467677748007	-0.058857570986148
0.624958538955125	-0.058726638471001
0.626449308748337	-0.058594669223257
0.627954183031005	-0.058460393156820
0.629444767378917	-0.058326345575933
0.630921063927638	-0.058192558232506
0.632411462507341	-0.058056460772379
0.633887574142524	-0.057920648452817
0.635363593148723	-0.057783833125823
0.636825328020832	-0.057647348258658
0.638301161642209	-0.057508547486488
0.639762712318887	-0.057370104118907
0.641238359424913	-0.057229334298346
0.642728100023656	-0.057086214194182
0.644217744539070	-0.056942097473271
0.645707292779981	-0.056796989085413
0.647210929362178	-0.056649497925809
0.648714467473466	-0.056501006323899
0.650217906943364	-0.056351519319071
0.651721247597523	-0.056201041824192
0.653224489255860	-0.056049578587660
0.654727631728896	-0.055897134184072
0.656230674815353	-0.055743712975521
0.657719440056620	-0.055590780218107
0.659193930029064	-0.055438366984111
0.660682500085404	-0.055283545952135
0.662170971738683	-0.055127781711671
0.663645170241961	-0.054972574640812
0.665133445337817	-0.054814943447567
0.666635793981809	-0.054654864989217
0.668123869769706	-0.054495363277008
0.669626016823869	-0.054333404080003
0.671142232119662	-0.054168964878942
0.672644175073830	-0.054005123770271
0.674160184157273	-0.053838794203819
0.675690256450531	-0.053669954989952
0.677206057310269	-0.053501738431072
0.678721754653347	-0.053332591693056
0.680237348618878	-0.053162521178548
0.681752839414983	-0.052991533773853
0.683268227290253	-0.052819636632881
0.684783512548172	-0.052646837260416
0.686298695527154	-0.052473143359158
0.687799617437343	-0.052300198507655
0.689314597955967	-0.052124747514339
0.690829477382985	-0.051948425823827
0.692344256141881	-0.051771241382627
0.693873090059381	-0.051591534121307
0.695387667814531	-0.051412639655883
0.696916299682797	-0.051231221765418
0.698430678051841	-0.051050647256428
0.699959109427381	-0.050867547930024
0.701501591370026	-0.050681907313608
0.703029821785163	-0.050497138201437
0.704557952654121	-0.050311547605020
0.706100132246079	-0.050123411805808
0.707642211031478	-0.049934451521179
0.709184189305576	-0.049744672786248
0.710711922163006	-0.049555833893538
0.712253701280317	-0.049364443942390
0.713795380890146	-0.049172254093019
0.715336961401691	-0.048979270981931
0.716878443275492	-0.048785501573313
0.718419827034060	-0.048590953230265
0.719961113257232	-0.048395633688350
0.721488163685591	-0.048201353532759
0.723029257741469	-0.048004523527641
0.724570256398623	-0.047806948037119
0.726111160493421	-0.047608636403112
0.727651970904434	-0.047409598195386
0.729192688546326	-0.047209843157881
0.730733314358745	-0.047009381113457
0.732287982220721	-0.046806373162054
0.733828426398070	-0.046604520107572
0.735382912864904	-0.046400127815858
0.736937309613367	-0.046195054340573
0.738491617527758	-0.045989308656456
0.740045837436707	-0.045782899227596
0.741614098199399	-0.045573948665052
0.743168143596414	-0.045366229437656
0.744722103165832	-0.045157869104116
0.746290103273619	-0.044946971465188
0.747858017226806	-0.044735434268494
0.749425845600263	-0.044523263723668
0.750993588962874	-0.044310465940682
0.752561247891080	-0.044097047031690
0.754128822982221	-0.043883013207482
0.755696314875209	-0.043668370927320
0.757277844694219	-0.043451185132015
0.758845171596388	-0.043235341387666
0.760426536552992	-0.043016958446432
0.762007820064331	-0.042797986551997
0.763589023136208	-0.042578434557978
0.765170146841974	-0.042358311732612
0.766751192315364	-0.042137627703306
0.768332160729020	-0.041916392300173
0.769927168048330	-0.041692632853664
0.771522099359863	-0.041468332276373
0.773116955858350	-0.041243500371229
0.774697625884718	-0.041020143052013
0.776292336752174	-0.040794280519300
0.777886975993586	-0.040567912846109
0.779481544486966	-0.040341047350922
0.781076043000313	-0.040113690531770
0.782670472196651	-0.039885848109309
0.784250723553138	-0.039659547710825
0.785845016314341	-0.039430752557829
0.787439241202038	-0.039201484946949
0.789033398585822	-0.038971748434463
0.790627488823685	-0.038741546474185
0.792221512292487	-0.038510882629166
0.793815469413268	-0.038279760745422
0.795409360679299	-0.038048185142985
0.797017291034311	-0.037814105399613
0.798611051862229	-0.037581633788270
0.800218852118260	-0.037346662111933
0.801826588345156	-0.037111252731691
0.803434261536463	-0.036875413249908
0.805041872741853	-0.036639151608536
0.806663524089132	-0.036400397972117
0.808285114550266	-0.036161231153525
0.809892545151726	-0.035923743866492
0.811514017372000	-0.035683776724707
0.813135431499402	-0.035443417373974
0.814756788190891	-0.035202670891606
0.816378087928484	-0.034961541153768
0.817999331012273	-0.034720030796554
0.819606420539710	-0.034480246311063
0.821227551048704	-0.034237981452389
0.822848624885215	-0.033995337669660
0.824455546306508	-0.033754429193661
0.826076506712472	-0.033511028802207
0.827697409895004	-0.033267247627982
0.829318255790368	-0.033023085855117
0.830939044479377	-0.032778544624949
0.832559776211408	-0.032533626188918
0.834180451428536	-0.032288334061064
0.835815162854986	-0.032040535161185
0.837435726604634	-0.031794507681797
0.839070327317355	-0.031545979509447
0.840704873885149	-0.031297095479867
0.842339367289457	-0.031047862549150
0.843973808425468	-0.030798287078814
0.845608198026993	-0.030548374348321
0.847242536609257	-0.030298128187706
0.848876824424952	-0.030047550699193
0.850511061451114	-0.029796642181083
0.852145247400149	-0.029545401209261
0.853779381770087	-0.029293824972880
0.855399377225379	-0.029044082883738
0.857033406912229	-0.028791827608808
0.858653297285483	-0.028541404837408
0.860273134588593	-0.028290639016219
0.861892918639235	-0.028039529448922
0.863512649592967	-0.027788077618537
0.865132327982985	-0.027536287431215
0.866751954720837	-0.027284165207464
0.868357447990984	-0.027033915921983
0.869976975819882	-0.026781159126734
0.871596456328202	-0.026528099312605
0.873215891108163	-0.026274747028115
0.874821200116684	-0.026023318442981
0.876440547790111	-0.025769409995938
0.878059853016526	-0.025515230982893
0.879679116099223	-0.025260783628920
0.881298336934375	-0.025006067563792
0.882903435483772	-0.024753298908974
0.884522570816095	-0.024498039899076
0.886141662441499	-0.024242503805874
0.887746631685741	-0.023988915417228
0.889351558130277	-0.023735056295790
0.890956442802923	-0.023480933227850
0.892561287523656	-0.023226557975732
0.894152017798677	-0.022974181642883
0.895756791405018	-0.022719358135245
0.897347458081150	-0.022466581261704
0.898938098704904	-0.022213640500071
0.900514640674683	-0.021962798658297
0.902105239567642	-0.021709595606996
0.903681745464338	-0.021458527149895
0.905258235975464	-0.021207362102816
0.906820636179515	-0.020958348612110
0.908383022160891	-0.020709245899614
0.909945394084064	-0.020460055029251
0.911493677343089	-0.020213026115055
0.913041949026906	-0.019965924662512
0.914590212147486	-0.019718769560635
0.916124396275146	-0.019473837058527
0.917658582633262	-0.019228918527912
0.919178703206707	-0.018986305342459
0.920698840623255	-0.018743797714384
0.922219002101828	-0.018501440966964
0.923725117687511	-0.018261514481584
0.925231266931982	-0.018021799382756
0.926723375252745	-0.017784546117991
0.928215518999564	-0.017547515758358
0.929693620399119	-0.017312938697302
0.931157678542950	-0.017080809415813
0.932621772444533	-0.016848905775368
0.934071828847007	-0.016619486724282
0.935507855071792	-0.016392598895364
0.936929860877961	-0.016168304580158
0.938337856576983	-0.015946669912782
0.939731850433936	-0.015727748423667
0.941111846058363	-0.015511564328818
0.942477840736369	-0.015298101595186
0.943829825679941	-0.015087305151021
0.945167788883647	-0.014879098911654
0.946491720665429	-0.014673421333425
0.947801620996904	-0.014470272822840
0.949083420403387	-0.014271938385020
0.950365327102437	-0.014074298691359
0.951619220460078	-0.013882046344711
0.952873336416473	-0.013691251702684
0.954099532582516	-0.013506478994272
0.955311892963523	-0.013325553252827
0.956496240887017	-0.013150058404642
0.957666518186822	-0.012976846870097
0.958822505120143	-0.012804440015571
0.959963966872058	-0.012631293442016
0.961076668642904	-0.012458669910977
0.962174754945388	-0.012284843998052
0.963258537707861	-0.012111826532632
0.964314343412551	-0.011944391954115
0.965356117994557	-0.011779482313600
0.966383351735739	-0.011613905084638
0.967381953654849	-0.011449862639597
0.968366004421540	-0.011285197434337
0.969321459644941	-0.011122395512824
0.970276421110468	-0.010956722005968
0.971202799570263	-0.010793088526621
0.972114637757246	-0.010629105421528
0.972997912789754	-0.010467376357708
0.973880656348736	-0.010302771315077
0.974734834538124	-0.010140513433163
0.975574451531952	-0.009978004254808
0.976399493656201	-0.009815229370816
0.977195977592503	-0.009655007604628
0.977991833718368	-0.009491696205718
0.978759120421161	-0.009331005611047
0.979511788178753	-0.009170078900477
0.980249818489543	-0.009008897202736
0.980973191942842	-0.008847442688727
0.981681888339945	-0.008685699447125
0.982375886830413	-0.008523654345136
0.983041311998842	-0.008364647869271
0.983705869109653	-0.008202051951998
0.984341849137732	-0.008042648518125
0.984976003038657	-0.007879539783447
0.985604138274082	-0.007714214568846
0.986224191403286	-0.007546451698283
0.986828682008473	-0.007378424189927
0.987417588487585	-0.007210169993086
0.987994469421615	-0.007040670197731
0.988555709578991	-0.006870992557773
0.989101289973298	-0.006701202737676
0.989631193598510	-0.006531377694454
0.990148946744612	-0.006360419230042
0.990650974227339	-0.006189549641784
0.991140782884750	-0.006017625272760
0.991618326913821	-0.005844663549553
0.992083559219315	-0.005670687825812
0.992536431370526	-0.005495727532071
0.992973433384490	-0.005321223471548
0.993401451409008	-0.005144448817185
0.993816956459252	-0.004966817068076
0.994219893903976	-0.004788382990903
0.994613590154141	-0.004607625918342
0.994991197179062	-0.004427728702679
0.995356057958297	-0.004247230411074
0.995711415287552	-0.004064477028307
0.996050557255864	-0.003882970104316
0.996379991512937	-0.003699273595771
0.996693115390168	-0.003517123542236
0.996993123335288	-0.003334836480657
0.997276794918685	-0.003154562572384
0.997547253849608	-0.002974523356319
0.997804406144576	-0.002794857620176
0.998048148864865	-0.002615713774152
0.998278368518909	-0.002437251128379
0.998492085680826	-0.002262050940822
0.998694942484193	-0.002085568328975
0.998881167449013	-0.001912921782212
0.999053470763259	-0.001741945561454
0.999211696705276	-0.001572914251366
0.999355677583114	-0.001406141272819
0.999485293645725	-0.001242031369860
0.999600377725165	-0.001081012877616
0.999698582939511	-0.000926621427046
0.999784393386964	-0.000773524975869
0.999854976245483	-0.000625159723338
0.999912203534256	-0.000479149044336
0.999955388046478	-0.000336202173598
0.999984086196100	-0.000197073314739
0.999998974012548	-0.000047329535711
