(title "Absolute Pressure vs. Absolute Pressure")
(labels "Absolute Pressure" "Absolute Pressure")

((xy/key/label "upper-blade")
30394.9	30394.9
30406.8	30406.8
30419.2	30419.2
30465.5	30465.5
30491.8	30491.8
30526.6	30526.6
30598.1	30598.1
30661.1	30661.1
30676.1	30676.1
30758.6	30758.6
30845.5	30845.5
30924.3	30924.3
30935	30935
31028.4	31028.4
31123.6	31123.6
31220.8	31220.8
31295.7	31295.7
31319.6	31319.6
31419	31419
31518.4	31518.4
31619.1	31619.1
31719.7	31719.7
31769.1	31769.1
31821.6	31821.6
31924.9	31924.9
32028.1	32028.1
32132.9	32132.9
32237.1	32237.1
32329	32329
32342.3	32342.3
32342.3	32342.3
32446.7	32446.7
32549.7	32549.7
32651.7	32651.7
32756	32756
32862.3	32862.3
32930.9	32930.9
32971.2	32971.2
33079.3	33079.3
33187.8	33187.8
33297.3	33297.3
33411.3	33411.3
33522.4	33522.4
33552.1	33552.1
33630.8	33630.8
33739.8	33739.8
33854.6	33854.6
33968.4	33968.4
34084.4	34084.4
34167.9	34167.9
34200.3	34200.3
34319.8	34319.8
34440.6	34440.6
34560.1	34560.1
34678.3	34678.3
34762.9	34762.9
34797.8	34797.8
34920.6	34920.6
35043.5	35043.5
35169.4	35169.4
35296.6	35296.6
35322.5	35322.5
35424	35424
35553.9	35553.9
35684.6	35684.6
35816.2	35816.2
35854.4	35854.4
35948	35948
36078.5	36078.5
36210.9	36210.9
36343.5	36343.5
36358.5	36358.5
36477.1	36477.1
36613.1	36613.1
36749.7	36749.7
36827	36827
36886.7	36886.7
37025.4	37025.4
37163.7	37163.7
37267.7	37267.7
37303.3	37303.3
37445	37445
37445	37445
37586.5	37586.5
37676.4	37676.4
37730.7	37730.7
37875.9	37875.9
38020.6	38020.6
38044.1	38044.1
38167	38167
38312.5	38312.5
38373.6	38373.6
38457.6	38457.6
38604.6	38604.6
38683.9	38683.9
38752.4	38752.4
38901.9	38901.9
38967.2	38967.2
39054.7	39054.7
39207.8	39207.8
39236.6	39236.6
39364.3	39364.3
39484.4	39484.4
39518	39518
39672.7	39672.7
39715.5	39715.5
39826.3	39826.3
39933.6	39933.6
39986.1	39986.1
40135.6	40135.6
40135.6	40135.6
40272.4	40272.4
40325.2	40325.2
40412.6	40412.6
40505.8	40505.8
40557.1	40557.1
40674.8	40674.8
40693.4	40693.4
40823.9	40823.9
40837.6	40837.6
40950.4	40950.4
40991.9	40991.9
41073.5	41073.5
41142.5	41142.5
41194.6	41194.6
41287.2	41287.2
41311.6	41311.6
41423.9	41423.9
41430.6	41430.6
41528.6	41528.6
41571.8	41571.8
41627.5	41627.5
41711.8	41711.8
41723.2	41723.2
41821.1	41821.1
41851.4	41851.4
41927.3	41927.3
41992.8	41992.8
42041.1	42041.1
42133.8	42133.8
42156.4	42156.4
42266.1	42266.1
42278.4	42278.4
42361.8	42361.8
42425.7	42425.7
42439.2	42439.2
42497.4	42497.4
42543.1	42543.1
42576.8	42576.8
42583.7	42583.7
42631.3	42631.3
42699.7	42699.7
42732.5	42732.5
42807.2	42807.2
42893.6	42893.6
42965.9	42965.9
43062.3	43062.3
43189.7	43189.7
43234.6	43234.6
43234.6	43234.6
43412.1	43412.1
43494.9	43494.9
43594.4	43594.4
43782.6	43782.6
43891.8	43891.8
43973.7	43973.7
44166.8	44166.8
44339.4	44339.4
44361.2	44361.2
44558	44558
44752.6	44752.6
44852.3	44852.3
44948.9	44948.9
45144	45144
45337.9	45337.9
45417.2	45417.2
45530.1	45530.1
45720.8	45720.8
45911.5	45911.5
46038.8	46038.8
46098.2	46098.2
46285	46285
46471.3	46471.3
46653.3	46653.3
46702	46702
46834	46834
47013.6	47013.6
47191.7	47191.7
47364.4	47364.4
47410	47410
47537.5	47537.5
47707.9	47707.9
47874.2	47874.2
48038.9	48038.9
48164	48164
48199.7	48199.7
48357.5	48357.5
48514.4	48514.4
48669.3	48669.3
48820.8	48820.8
48962.4	48962.4
48966.7	48966.7
49111.3	49111.3
49251.6	49251.6
49387.8	49387.8
49520	49520
49649.5	49649.5
49774.3	49774.3
49833.3	49833.3
49891.2	49891.2
50002.2	50002.2
50106.9	50106.9
50203.6	50203.6
50296.8	50296.8
50385.7	50385.7
50469.8	50469.8
50552	50552
50630.9	50630.9
50707.6	50707.6
50775.5	50775.5
50778.4	50778.4
50842.7	50842.7
50905.8	50905.8
50957.8	50957.8
51001.9	51001.9
51038.9	51038.9
51068.2	51068.2
51091	51091
51108.5	51108.5
51121.9	51121.9
51132.3	51132.3
51140.5	51140.5
51147.4	51147.4
51152.9	51152.9
51156.2	51156.2
51156.2	51156.2
51157.4	51157.4
51778.2	51778.2
52813	52813
53861.7	53861.7
54911.3	54911.3
55992.4	55992.4
57092.6	57092.6
58233.4	58233.4
59481.6	59481.6
60792.6	60792.6
62207.7	62207.7
63749.2	63749.2
65383.1	65383.1
67003.7	67003.7
68549	68549
69970.3	69970.3
71205.5	71205.5
72240.5	72240.5
72240.5	72240.5
73098.6	73098.6
73778.2	73778.2
74256.1	74256.1
74545.4	74545.4
74653.8	74653.8
)
