(title "Absolute Pressure")
(labels "Position" "Absolute Pressure")

((xy/key/label "upper-blade")
1.7e-07	74653.8
2.47e-05	74545.4
9.256e-05	74256.1
0.00020083	73778.2
0.00034981	73098.6
0.00053993	72240.5
0.00053993	72240.5
0.00077304	71205.5
0.00104792	69970.3
0.00136848	68549
0.00173521	67003.7
0.00215677	65383.1
0.00263499	63749.2
0.0031694	62207.7
0.00378641	60792.6
0.00448624	59481.6
0.00528817	58233.4
0.00617958	57092.6
0.00718107	55992.4
0.0082929	54911.3
0.00949194	53861.7
0.0107913	52813
0.0121797	51778.2
0.0136575	50775.5
0.0152243	49833.3
0.0169058	48962.4
0.018675	48164
0.020558	47410
0.022541	46702
0.0246238	46038.8
0.0268199	45417.2
0.0291154	44852.3
0.031526	44339.4
0.0339278	43891.8
0.0365493	43494.9
0.0392887	43189.7
0.0421454	42965.9
0.0451185	42807.2
0.0482605	42699.7
0.0515175	42631.3
0.0549422	42583.7
0.058427	42543.1
0.0620785	42497.4
0.0657349	42439.2
0.0695573	42361.8
0.0734919	42266.1
0.0774849	42156.4
0.0814821	42041.1
0.0855917	41927.3
0.0898134	41821.1
0.0940385	41723.2
0.0983209	41627.5
0.10266	41528.6
0.107002	41423.9
0.1114	41311.6
0.115801	41194.6
0.120259	41073.5
0.124719	40950.4
0.129235	40823.9
0.133808	40693.4
0.138437	40557.1
0.143068	40412.6
0.147647	40272.4
0.152282	40135.6
0.156864	39986.1
0.161502	39826.3
0.166088	39672.7
0.17073	39518
0.175318	39364.3
0.180018	39207.8
0.184664	39054.7
0.189366	38901.9
0.194015	38752.4
0.198665	38604.6
0.203371	38457.6
0.208024	38312.5
0.212677	38167
0.217387	38020.6
0.222043	37875.9
0.226754	37730.7
0.231522	37586.5
0.236235	37445
0.236235	37445
0.241005	37303.3
0.24572	37163.7
0.250381	37025.4
0.255099	36886.7
0.259762	36749.7
0.264425	36613.1
0.269145	36477.1
0.27381	36343.5
0.278476	36210.9
0.283198	36078.5
0.287865	35948
0.292588	35816.2
0.297312	35684.6
0.302036	35553.9
0.306816	35424
0.311541	35296.6
0.316267	35169.4
0.320993	35043.5
0.325665	34920.6
0.330392	34797.8
0.335065	34678.3
0.339793	34560.1
0.344521	34440.6
0.34925	34319.8
0.354034	34200.3
0.358764	34084.4
0.363549	33968.4
0.368224	33854.6
0.372954	33739.8
0.37763	33630.8
0.38236	33522.4
0.387036	33411.3
0.391768	33297.3
0.396499	33187.8
0.401286	33079.3
0.406017	32971.2
0.410804	32862.3
0.415481	32756
0.420213	32651.7
0.424945	32549.7
0.429622	32446.7
0.434299	32342.3
0.434299	32342.3
0.439031	32237.1
0.443763	32132.9
0.44855	32028.1
0.453282	31924.9
0.458069	31821.6
0.4628	31719.7
0.467477	31619.1
0.472208	31518.4
0.476885	31419
0.481561	31319.6
0.486292	31220.8
0.491022	31123.6
0.495753	31028.4
0.500538	30935
0.505268	30845.5
0.510052	30758.6
0.514781	30676.1
0.51951	30598.1
0.524293	30526.6
0.529022	30465.5
0.533749	30419.2
0.538476	30394.9
0.543148	30406.8
0.547874	30491.8
0.552544	30661.1
0.557269	30924.3
0.561994	31295.7
0.566717	31769.1
0.571495	32329
0.576218	32930.9
0.58094	33552.1
0.585661	34167.9
0.590381	34762.9
0.595046	35322.5
0.59971	35854.4
0.604427	36358.5
0.609145	36827
0.613861	37267.7
0.618576	37676.4
0.623346	38044.1
0.628059	38373.6
0.632827	38683.9
0.637538	38967.2
0.642304	39236.6
0.647014	39484.4
0.651723	39715.5
0.656485	39933.6
0.661192	40135.6
0.665898	40325.2
0.670658	40505.8
0.675362	40674.8
0.680119	40837.6
0.684821	40991.9
0.689577	41142.5
0.694277	41287.2
0.69903	41430.6
0.703783	41571.8
0.708534	41711.8
0.713285	41851.4
0.718089	41992.8
0.722838	42133.8
0.727641	42278.4
0.732442	42425.7
0.737243	42576.8
0.742043	42732.5
0.746842	42893.6
0.751695	43062.3
0.756492	43234.6
0.756492	43234.6
0.761289	43412.1
0.766085	43594.4
0.770935	43782.6
0.775784	43973.7
0.780632	44166.8
0.78548	44361.2
0.790381	44558
0.795228	44752.6
0.800128	44948.9
0.805028	45144
0.809927	45337.9
0.814825	45530.1
0.819724	45720.8
0.824676	45911.5
0.829573	46098.2
0.834523	46285
0.839528	46471.3
0.844478	46653.3
0.849482	46834
0.854485	47013.6
0.859488	47191.7
0.864491	47364.4
0.869547	47537.5
0.874548	47707.9
0.879549	47874.2
0.884604	48038.9
0.889604	48199.7
0.894604	48357.5
0.899658	48514.4
0.904657	48669.3
0.909656	48820.8
0.914655	48966.7
0.919654	49111.3
0.924544	49251.6
0.929435	49387.8
0.934326	49520
0.939163	49649.5
0.943893	49774.3
0.948515	49891.2
0.952974	50002.2
0.957274	50106.9
0.961408	50203.6
0.965429	50296.8
0.969229	50385.7
0.972751	50469.8
0.976102	50552
0.979228	50630.9
0.982181	50707.6
0.984852	50778.4
0.987242	50842.7
0.989578	50905.8
0.991565	50957.8
0.993311	51001.9
0.994827	51038.9
0.996102	51068.2
0.99714	51091
0.997958	51108.5
0.998585	51121.9
0.999063	51132.3
0.999416	51140.5
0.999679	51147.4
0.999859	51152.9
0.999964	51156.2
0.999964	51156.2
1	51157.4
)
